%time,field.header.seq,field.header.stamp,field.header.frame_id,field.temperature,field.variance
1446034842166738820,1,1446034841929177999,robocape,1509.0,1503.0
1446034842177145528,2,1446034842000976085,robocape,1507.0,1503.0
1446034842188846570,3,1446034842060220003,robocape,1515.0,1497.0
1446034842189864320,4,1446034842127269029,robocape,1514.0,1495.0
1446034842198378945,5,1446034842189534902,robocape,1509.0,1502.0
1446034842263019362,6,1446034842260066032,robocape,1509.0,1503.0
1446034842320450528,7,1446034842319080114,robocape,1515.0,1497.0
1446034842387202945,8,1446034842385521888,robocape,1515.0,1497.0
1446034842452947820,9,1446034842451112031,robocape,1507.0,1503.0
1446034842520134612,10,1446034842518667936,robocape,1514.0,1503.0
1446034842583219362,11,1446034842581937074,robocape,1515.0,1497.0
1446034842649853112,12,1446034842648097991,robocape,1510.0,1503.0
1446034842719764195,13,1446034842718111991,robocape,1509.0,1503.0
1446034842780389320,14,1446034842779170036,robocape,1514.0,1497.0
1446034842847397195,15,1446034842845711946,robocape,1514.0,1497.0
1446034842913063987,16,1446034842911104917,robocape,1509.0,1502.0
1446034842980248195,17,1446034842978900909,robocape,1509.0,1503.0
1446034843043374904,18,1446034843042021036,robocape,1515.0,1497.0
1446034843109732945,19,1446034843108031988,robocape,1515.0,1497.0
1446034843179762195,20,1446034843173914909,robocape,1507.0,1503.0
1446034843240484779,21,1446034843239173889,robocape,1510.0,1503.0
1446034843307149487,22,1446034843305286884,robocape,1515.0,1497.0
1446034843373407654,23,1446034843371141910,robocape,1509.0,1503.0
1446034843439728529,24,1446034843438394069,robocape,1510.0,1503.0
1446034843503409487,25,1446034843502080917,robocape,1514.0,1498.0
1446034843569949487,26,1446034843568255901,robocape,1515.0,1497.0
1446034843639399821,27,1446034843638144969,robocape,1509.0,1503.0
1446034843700604404,28,1446034843699289083,robocape,1507.0,1502.0
1446034843767363946,29,1446034843765551090,robocape,1515.0,1497.0
1446034843832868362,30,1446034843831104993,robocape,1515.0,1497.0
1446034843899785529,31,1446034843898473978,robocape,1507.0,1502.0
1446034843964018112,32,1446034843962215900,robocape,1507.0,1503.0
1446034844030233446,33,1446034844028227090,robocape,1516.0,1497.0
1446034844099381612,34,1446034844098045110,robocape,1514.0,1502.0
1446034844165410904,35,1446034844163575887,robocape,1510.0,1503.0
1446034844227861488,36,1446034844225586891,robocape,1515.0,1497.0
1446034844293243988,37,1446034844291192054,robocape,1514.0,1497.0
1446034844359452321,38,1446034844358128070,robocape,1509.0,1503.0
1446034844424361196,39,1446034844422353982,robocape,1507.0,1503.0
1446034844490129154,40,1446034844488446950,robocape,1515.0,1497.0
1446034844559236029,41,1446034844557987928,robocape,1515.0,1497.0
1446034844620989571,42,1446034844619462966,robocape,1507.0,1503.0
1446034844687303321,43,1446034844685636043,robocape,1507.0,1503.0
1446034844753097321,44,1446034844751421928,robocape,1514.0,1497.0
1446034844820227738,45,1446034844818888902,robocape,1515.0,1497.0
1446034844884220405,46,1446034844882424116,robocape,1507.0,1503.0
1446034844950166488,47,1446034844948537111,robocape,1514.0,1503.0
1446034845019333613,48,1446034845017874956,robocape,1515.0,1497.0
1446034845080873488,49,1446034845079611063,robocape,1510.0,1502.0
1446034845148789321,50,1446034845145648956,robocape,1510.0,1503.0
1446034845214847238,51,1446034845211405038,robocape,1515.0,1497.0
1446034845280351696,52,1446034845279063940,robocape,1516.0,1497.0
1446034845344297863,53,1446034845342452049,robocape,1509.0,1502.0
1446034845410270363,54,1446034845408584117,robocape,1509.0,1503.0
1446034845480503696,55,1446034845478725910,robocape,1516.0,1499.0
1446034845541036822,56,1446034845539716005,robocape,1516.0,1505.0
1446034845607731363,57,1446034845605846881,robocape,1510.0,1631.0
1446034845673378072,58,1446034845671696901,robocape,1516.0,1631.0
1446034845740368822,59,1446034845739020109,robocape,1516.0,1589.0
1446034845804795530,60,1446034845802659034,robocape,1511.0,1594.0
1446034845870492197,61,1446034845868774890,robocape,1510.0,1558.0
1446034845940479238,62,1446034845934415102,robocape,1516.0,1499.0
1446034846001289655,63,1446034845999795913,robocape,1518.0,1497.0
1446034846067835238,64,1446034846066128969,robocape,1511.0,1502.0
1446034846134753822,65,1446034846131593942,robocape,1511.0,1503.0
1446034846202974363,66,1446034846201647043,robocape,1518.0,1495.0
1446034846265118489,67,1446034846262691974,robocape,1518.0,1498.0
1446034846330651697,68,1446034846328963041,robocape,1520.0,1506.0
1446034846399432364,69,1446034846398156881,robocape,1526.0,1557.0
1446034846461237197,70,1446034846459901094,robocape,1522.0,1577.0
1446034846528062989,71,1446034846526205062,robocape,1515.0,1598.0
1446034846593756739,72,1446034846591901063,robocape,1518.0,1629.0
1446034846660670405,73,1446034846659019947,robocape,1528.0,1628.0
1446034846725222780,74,1446034846722898960,robocape,1552.0,1628.0
1446034846790731780,75,1446034846789036989,robocape,1576.0,1635.0
1446034846860197489,76,1446034846858939886,robocape,1579.0,1636.0
1446034846921415614,77,1446034846920095920,robocape,1581.0,1628.0
1446034846987929447,78,1446034846986248970,robocape,1576.0,1628.0
1446034847053586197,79,1446034847051881074,robocape,1569.0,1623.0
1446034847119316656,80,1446034847117990970,robocape,1574.0,1615.0
1446034847185763947,81,1446034847183687925,robocape,1574.0,1615.0
1446034847250824197,82,1446034847249146938,robocape,1568.0,1683.0
1446034847319448781,83,1446034847318205118,robocape,1569.0,1705.0
1446034847381674406,84,1446034847380352973,robocape,1574.0,1732.0
1446034847448131156,85,1446034847446414947,robocape,1568.0,1733.0
1446034847518078156,86,1446034847512144088,robocape,1570.0,1812.0
1446034847579650322,87,1446034847578149080,robocape,1574.0,1808.0
1446034847646447531,88,1446034847644186019,robocape,1574.0,1808.0
1446034847711157489,89,1446034847709289073,robocape,1570.0,1797.0
1446034847779593781,90,1446034847778115034,robocape,1579.0,1723.0
1446034847841613906,91,1446034847840251922,robocape,1586.0,1690.0
1446034847908295656,92,1446034847906579971,robocape,1587.0,1553.0
1446034847978248948,93,1446034847972402095,robocape,1582.0,1498.0
1446034848039970489,94,1446034848038716077,robocape,1598.0,1503.0
1446034848105742031,95,1446034848103688955,robocape,1602.0,1503.0
1446034848171248156,96,1446034848169471025,robocape,1603.0,1497.0
1446034848239847698,97,1446034848238498926,robocape,1595.0,1502.0
1446034848301571614,98,1446034848300323963,robocape,1597.0,1502.0
1446034848368294656,99,1446034848366518020,robocape,1602.0,1497.0
1446034848438174906,100,1446034848432195901,robocape,1611.0,1492.0
1446034848500014115,101,1446034848498684883,robocape,1598.0,1456.0
1446034848565750990,102,1446034848564016103,robocape,1595.0,1511.0
1446034848631376198,103,1446034848629643917,robocape,1603.0,1666.0
1446034848701603240,104,1446034848700264930,robocape,1597.0,1712.0
1446034848761866490,105,1446034848760545015,robocape,1599.0,1721.0
1446034848828270990,106,1446034848826591968,robocape,1604.0,1628.0
1446034848898057365,107,1446034848892047882,robocape,1604.0,1464.0
1446034848959586781,108,1446034848958312034,robocape,1597.0,1255.0
1446034849025124948,109,1446034849022933006,robocape,1581.0,1177.0
1446034849090684157,110,1446034849088891029,robocape,1581.0,1114.0
1446034849157116115,111,1446034849154859066,robocape,1578.0,1073.0
1446034849221278448,112,1446034849220041990,robocape,1593.0,1073.0
1446034849288421240,113,1446034849286175966,robocape,1589.0,1074.0
1446034849370538115,114,1446034849368841886,robocape,1585.0,1211.0
1446034849439882073,115,1446034849438554048,robocape,1586.0,1367.0
1446034849501030115,116,1446034849499768972,robocape,1581.0,1421.0
1446034849567708907,117,1446034849566003084,robocape,1578.0,1459.0
1446034849633467198,118,1446034849631560087,robocape,1585.0,1495.0
1446034849699802407,119,1446034849698395013,robocape,1579.0,1469.0
1446034849764686615,120,1446034849762685060,robocape,1582.0,1465.0
1446034849830454490,121,1446034849828763961,robocape,1595.0,1495.0
1446034849899479074,122,1446034849898133993,robocape,1595.0,1497.0
1446034849961180574,123,1446034849959860086,robocape,1586.0,1502.0
1446034850028099240,124,1446034850026035070,robocape,1587.0,1502.0
1446034850093729324,125,1446034850092039108,robocape,1591.0,1513.0
1446034850164741490,126,1446034850162837982,robocape,1579.0,1547.0
1446034850225172824,127,1446034850222975015,robocape,1579.0,1687.0
1446034850291247490,128,1446034850289299011,robocape,1582.0,1690.0
1446034850359643449,129,1446034850358292102,robocape,1585.0,1624.0
1446034850421291824,130,1446034850419939994,robocape,1579.0,1568.0
1446034850487964824,131,1446034850486177921,robocape,1581.0,1502.0
1446034850553506491,132,1446034850551831960,robocape,1587.0,1461.0
1446034850619537949,133,1446034850618201971,robocape,1590.0,1390.0
1446034850685269741,134,1446034850682905912,robocape,1585.0,1342.0
1446034850750763241,135,1446034850748917102,robocape,1585.0,1342.0
1446034850819818741,136,1446034850818461894,robocape,1590.0,1435.0
1446034850881486032,137,1446034850880033969,robocape,1590.0,1480.0
1446034850947841157,138,1446034850946157932,robocape,1585.0,1501.0
1446034851013608616,139,1446034851011912107,robocape,1593.0,1502.0
1446034851079709657,140,1446034851078367948,robocape,1603.0,1497.0
1446034851148717324,141,1446034851143372058,robocape,1598.0,1498.0
1446034851211077908,142,1446034851209275960,robocape,1597.0,1503.0
1446034851280383574,143,1446034851279026985,robocape,1603.0,1497.0
1446034851341674949,144,1446034851340286016,robocape,1603.0,1497.0
1446034851407992658,145,1446034851406291007,robocape,1598.0,1503.0
1446034851473743949,146,1446034851471968889,robocape,1599.0,1503.0
1446034851539589158,147,1446034851538245916,robocape,1606.0,1497.0
1446034851605399158,148,1446034851603583097,robocape,1606.0,1497.0
1446034851671306741,149,1446034851669135093,robocape,1599.0,1505.0
1446034851739579199,150,1446034851738240003,robocape,1599.0,1522.0
1446034851801743699,151,1446034851800350904,robocape,1606.0,1570.0
1446034851868943700,152,1446034851866350889,robocape,1599.0,1573.0
1446034851937895366,153,1446034851932204961,robocape,1598.0,1579.0
1446034852000122116,154,1446034851998564004,robocape,1606.0,1537.0
1446034852065342575,155,1446034852063642978,robocape,1603.0,1519.0
1446034852131066408,156,1446034852129343032,robocape,1599.0,1511.0
1446034852199856158,157,1446034852198606967,robocape,1600.0,1522.0
1446034852261681825,158,1446034852260375022,robocape,1606.0,1555.0
1446034852328617616,159,1446034852326538085,robocape,1600.0,1558.0
1446034852398765283,160,1446034852392555952,robocape,1600.0,1579.0
1446034852459923908,161,1446034852458674907,robocape,1599.0,1579.0
1446034852525869033,162,1446034852524030923,robocape,1606.0,1552.0
1446034852591654158,163,1446034852589673995,robocape,1600.0,1544.0
1446034852659925325,164,1446034852658584117,robocape,1600.0,1547.0
1446034852721824742,165,1446034852720523118,robocape,1604.0,1541.0
1446034852788393325,166,1446034852786662101,robocape,1606.0,1541.0
1446034852858232492,167,1446034852852480888,robocape,1599.0,1573.0
1446034852919491700,168,1446034852918164968,robocape,1600.0,1527.0
1446034852985785742,169,1446034852983971118,robocape,1604.0,1467.0
1446034853050951825,170,1446034853049256086,robocape,1604.0,1413.0
1446034853119361408,171,1446034853118014097,robocape,1594.0,1383.0
1446034853181744117,172,1446034853180371999,robocape,1597.0,1383.0
1446034853248331242,173,1446034853246671915,robocape,1602.0,1377.0
1446034853318155284,174,1446034853312241077,robocape,1603.0,1375.0
1446034853380364617,175,1446034853378997087,robocape,1598.0,1377.0
1446034853445691409,176,1446034853443993091,robocape,1597.0,1376.0
1446034853511263867,177,1446034853509505033,robocape,1602.0,1390.0
1446034853579552950,178,1446034853578222036,robocape,1598.0,1421.0
1446034853641910075,179,1446034853640575885,robocape,1598.0,1430.0
1446034853724704200,180,1446034853722713947,robocape,1610.0,1451.0
1446034853790537367,181,1446034853788849115,robocape,1610.0,1446.0
1446034853860380867,182,1446034853859122037,robocape,1603.0,1452.0
1446034853921257117,183,1446034853919940948,robocape,1603.0,1451.0
1446034853987800617,184,1446034853986089944,robocape,1608.0,1446.0
1446034854054766367,185,1446034854051738023,robocape,1603.0,1446.0
1446034854119470409,186,1446034854118122100,robocape,1603.0,1451.0
1446034854185857492,187,1446034854184094905,robocape,1603.0,1451.0
1446034854250741951,188,1446034854249053955,robocape,1608.0,1444.0
1446034854319349826,189,1446034854318104982,robocape,1603.0,1452.0
1446034854381407951,190,1446034854379985094,robocape,1603.0,1451.0
1446034854448094284,191,1446034854446080923,robocape,1610.0,1446.0
1446034854513582951,192,1446034854511877059,robocape,1608.0,1456.0
1446034854581358034,193,1446034854579941987,robocape,1603.0,1463.0
1446034854645236451,194,1446034854643065929,robocape,1603.0,1463.0
1446034854710756909,195,1446034854709018945,robocape,1608.0,1461.0
1446034854779455659,196,1446034854778116941,robocape,1608.0,1468.0
1446034854841444743,197,1446034854840120077,robocape,1603.0,1495.0
1446034854908013826,198,1446034854906300067,robocape,1603.0,1502.0
1446034854973671118,199,1446034854972013950,robocape,1610.0,1497.0
1446034855039519534,200,1446034855038176059,robocape,1603.0,1505.0
1446034855105741951,201,1446034855103682041,robocape,1603.0,1510.0
1446034855171306159,202,1446034855169562101,robocape,1608.0,1548.0
1446034855239658909,203,1446034855238202095,robocape,1610.0,1547.0
1446034855302173284,204,1446034855300659894,robocape,1604.0,1526.0
1446034855368056993,205,1446034855366355895,robocape,1603.0,1503.0
1446034855433881785,206,1446034855432207107,robocape,1610.0,1497.0
1446034855499670368,207,1446034855498328924,robocape,1607.0,1497.0
1446034855565635993,208,1446034855563983917,robocape,1603.0,1497.0
1446034855630935951,209,1446034855629246950,robocape,1602.0,1456.0
1446034855700704410,210,1446034855699383020,robocape,1608.0,1444.0
1446034855761678993,211,1446034855760255098,robocape,1602.0,1444.0
1446034855828163451,212,1446034855826472043,robocape,1603.0,1456.0
1446034855898596993,213,1446034855892796993,robocape,1607.0,1490.0
1446034855959487035,214,1446034855958142995,robocape,1608.0,1497.0
1446034856025690952,215,1446034856023952960,robocape,1603.0,1503.0
1446034856091131702,216,1446034856089417934,robocape,1603.0,1503.0
1446034856173741743,217,1446034856171607017,robocape,1610.0,1497.0
1446034856239657618,218,1446034856238343954,robocape,1604.0,1497.0
1446034856305230160,219,1446034856302989006,robocape,1603.0,1505.0
1446034856370316702,220,1446034856368680000,robocape,1610.0,1505.0
1446034856439376743,221,1446034856438055992,robocape,1608.0,1497.0
1446034856501110743,222,1446034856499800920,robocape,1603.0,1505.0
1446034856568033868,223,1446034856566093921,robocape,1602.0,1502.0
1446034856634771577,224,1446034856631547927,robocape,1610.0,1497.0
1446034856701096452,225,1446034856699728965,robocape,1610.0,1494.0
1446034856765125869,226,1446034856762778043,robocape,1603.0,1477.0
1446034856830886910,227,1446034856828831911,robocape,1603.0,1472.0
1446034856900005119,228,1446034856898665904,robocape,1608.0,1465.0
1446034856961087452,229,1446034856959784030,robocape,1608.0,1459.0
1446034857027722369,230,1446034857025887966,robocape,1600.0,1467.0
1446034857093467369,231,1446034857091772079,robocape,1602.0,1502.0
1446034857163380494,232,1446034857161978006,robocape,1607.0,1497.0
1446034857224683285,233,1446034857222734928,robocape,1603.0,1503.0
1446034857290807660,234,1446034857288908958,robocape,1603.0,1502.0
1446034857359573160,235,1446034857358236074,robocape,1608.0,1497.0
1446034857421242244,236,1446034857419928073,robocape,1610.0,1498.0
1446034857488286286,237,1446034857486130952,robocape,1603.0,1505.0
1446034857553629577,238,1446034857551733016,robocape,1603.0,1505.0
1446034857619642661,239,1446034857618310928,robocape,1608.0,1498.0
1446034857700689744,240,1446034857699362993,robocape,1608.0,1498.0
1446034857767274369,241,1446034857765558958,robocape,1602.0,1505.0
1446034857833063536,242,1446034857831047058,robocape,1608.0,1503.0
1446034857948111577,243,1446034857946079969,robocape,1602.0,1497.0
1446034858015108327,244,1446034858011866092,robocape,1603.0,1505.0
1446034858079641827,245,1446034858078310966,robocape,1612.0,1497.0
1446034858148478078,246,1446034858145210027,robocape,1618.0,1497.0
1446034858211601578,247,1446034858209680080,robocape,1612.0,1503.0
1446034858293232536,248,1446034858291224956,robocape,1616.0,1502.0
1446034858359439369,249,1446034858358105897,robocape,1639.0,1497.0
1446034858424113036,250,1446034858422291994,robocape,1632.0,1497.0
1446034858490349494,251,1446034858488665103,robocape,1632.0,1503.0
1446034858559747786,252,1446034858558474063,robocape,1639.0,1503.0
1446034858620790036,253,1446034858619468927,robocape,1644.0,1497.0
1446034858687748911,254,1446034858685892105,robocape,1637.0,1505.0
1446034858753294619,255,1446034858751415967,robocape,1637.0,1502.0
1446034858819895495,256,1446034858818562030,robocape,1642.0,1497.0
1446034858884412870,257,1446034858882513046,robocape,1644.0,1497.0
1446034858966988745,258,1446034858964982986,robocape,1636.0,1502.0
1446034859032383536,259,1446034859030740022,robocape,1637.0,1503.0
1446034859164487661,260,1446034859162620067,robocape,1640.0,1497.0
1446034859229524078,261,1446034859227910041,robocape,1637.0,1503.0
1446034859299363953,262,1446034859297885894,robocape,1640.0,1497.0
1446034859360223120,263,1446034859358982086,robocape,1640.0,1495.0
1446034859426789036,264,1446034859425149917,robocape,1635.0,1502.0
1446034859492794703,265,1446034859490731954,robocape,1635.0,1503.0
1446034859578747162,266,1446034859572982072,robocape,1640.0,1484.0
1446034859675192828,267,1446034859671467065,robocape,1632.0,1471.0
1446034859739638453,268,1446034859738307952,robocape,1631.0,1438.0
1446034859804397828,269,1446034859802551984,robocape,1636.0,1415.0
1446034859870717203,270,1446034859868663072,robocape,1636.0,1435.0
1446034859939221370,271,1446034859937911987,robocape,1629.0,1456.0
1446034860001008328,272,1446034859999766111,robocape,1631.0,1457.0
1446034860067568912,273,1446034860065938949,robocape,1636.0,1478.0
1446034860134761620,274,1446034860131553888,robocape,1629.0,1497.0
1446034860200577453,275,1446034860199140071,robocape,1631.0,1502.0
1446034860264651662,276,1446034860262650966,robocape,1637.0,1497.0
1446034860330486495,277,1446034860328718900,robocape,1637.0,1495.0
1446034860399927995,278,1446034860398601055,robocape,1632.0,1502.0
1446034860479846870,279,1446034860478369951,robocape,1631.0,1502.0
1446034860559904245,280,1446034860558455944,robocape,1635.0,1492.0
1446034860641974704,281,1446034860640559911,robocape,1631.0,1468.0
1446034860724931662,282,1446034860722857952,robocape,1629.0,1446.0
1446034860790884662,283,1446034860788836956,robocape,1636.0,1431.0
1446034860873189995,284,1446034860871480941,robocape,1627.0,1446.0
1446034860958766079,285,1446034860957432985,robocape,1628.0,1467.0
1446034861020149746,286,1446034861018593072,robocape,1636.0,1460.0
1446034861086547454,287,1446034861084861040,robocape,1633.0,1460.0
1446034861152640246,288,1446034861150763034,robocape,1627.0,1467.0
1446034861220192246,289,1446034861218486070,robocape,1628.0,1467.0
1446034861282942371,290,1446034861281591892,robocape,1636.0,1463.0
1446034861349284079,291,1446034861347599029,robocape,1629.0,1465.0
1446034861421519871,292,1446034861419873952,robocape,1629.0,1472.0
1446034861480245704,293,1446034861478899002,robocape,1632.0,1472.0
1446034861546601787,294,1446034861544816017,robocape,1637.0,1465.0
1446034861612200079,295,1446034861610461950,robocape,1629.0,1472.0
1446034861698841913,296,1446034861692727088,robocape,1629.0,1472.0
1446034861759971288,297,1446034861758569955,robocape,1636.0,1465.0
1446034861827228413,298,1446034861825041055,robocape,1631.0,1464.0
1446034861891484204,299,1446034861889776945,robocape,1631.0,1471.0
1446034861973541079,300,1446034861971843004,robocape,1629.0,1471.0
1446034862059946038,301,1446034862058444976,robocape,1636.0,1465.0
1446034862121487163,302,1446034862120117902,robocape,1628.0,1472.0
1446034862203047579,303,1446034862201576948,robocape,1631.0,1472.0
1446034862269391788,304,1446034862267699003,robocape,1637.0,1465.0
1446034862352022788,305,1446034862349965095,robocape,1628.0,1471.0
1446034862421535830,306,1446034862420181989,robocape,1628.0,1472.0
1446034862482407621,307,1446034862481060981,robocape,1635.0,1463.0
1446034862549138038,308,1446034862547076940,robocape,1632.0,1463.0
1446034862619763080,309,1446034862612699031,robocape,1629.0,1436.0
1446034862679851330,310,1446034862678529977,robocape,1627.0,1421.0
1446034862746317330,311,1446034862744574069,robocape,1635.0,1408.0
1446034862811600246,312,1446034862809946060,robocape,1628.0,1411.0
1446034862880052955,313,1446034862878788948,robocape,1629.0,1410.0
1446034862942240913,314,1446034862940989971,robocape,1629.0,1410.0
1446034863009222122,315,1446034863007122039,robocape,1636.0,1405.0
1446034863078547913,316,1446034863072820901,robocape,1628.0,1417.0
1446034863146074788,317,1446034863144623041,robocape,1628.0,1426.0
1446034863206461580,318,1446034863204737901,robocape,1636.0,1459.0
1446034863272028247,319,1446034863269984960,robocape,1635.0,1468.0
1446034863340047038,320,1446034863338706016,robocape,1629.0,1473.0
1446034863402398955,321,1446034863401058912,robocape,1628.0,1473.0
1446034863469020913,322,1446034863467333078,robocape,1633.0,1464.0
1446034863539123372,323,1446034863532949924,robocape,1628.0,1461.0
1446034863599704163,324,1446034863598258018,robocape,1628.0,1467.0
1446034863666976205,325,1446034863664794921,robocape,1627.0,1468.0
1446034863732257080,326,1446034863730216979,robocape,1633.0,1461.0
1446034863799974414,327,1446034863798574924,robocape,1628.0,1468.0
1446034863862450455,328,1446034863861218929,robocape,1631.0,1468.0
1446034863929526914,329,1446034863927824020,robocape,1642.0,1461.0
1446034863998626497,330,1446034863993035078,robocape,1644.0,1461.0
1446034864059929539,331,1446034864058609008,robocape,1650.0,1468.0
1446034864126573830,332,1446034864124819993,robocape,1652.0,1467.0
1446034864193458914,333,1446034864191210985,robocape,1657.0,1461.0
1446034864259940455,334,1446034864258595943,robocape,1652.0,1460.0
1446034864322697997,335,1446034864321397066,robocape,1649.0,1467.0
1446034864389027705,336,1446034864387341976,robocape,1649.0,1467.0
1446034864458883081,337,1446034864457444906,robocape,1653.0,1461.0
1446034864519750456,338,1446034864518425941,robocape,1648.0,1452.0
1446034864586766039,339,1446034864584851980,robocape,1648.0,1430.0
1446034864652024581,340,1446034864650310993,robocape,1653.0,1430.0
1446034864719524789,341,1446034864718280076,robocape,1654.0,1423.0
1446034864782667914,342,1446034864781330108,robocape,1646.0,1430.0
1446034864849302039,343,1446034864847583055,robocape,1646.0,1430.0
1446034864918693831,344,1446034864913140058,robocape,1653.0,1425.0
1446034864979887039,345,1446034864978558063,robocape,1653.0,1423.0
1446034865046940539,346,1446034865044677019,robocape,1646.0,1432.0
1446034865112469164,347,1446034865110408067,robocape,1646.0,1432.0
1446034865186617081,348,1446034865181545972,robocape,1652.0,1427.0
1446034865242724581,349,1446034865241420984,robocape,1646.0,1432.0
1446034865309617873,350,1446034865307477951,robocape,1646.0,1431.0
1446034865378713873,351,1446034865377393960,robocape,1646.0,1432.0
1446034865459762498,352,1446034865458506107,robocape,1653.0,1427.0
1446034865522072706,353,1446034865520803928,robocape,1646.0,1432.0
1446034865588992498,354,1446034865587347030,robocape,1646.0,1431.0
1446034865658342081,355,1446034865652606964,robocape,1652.0,1438.0
1446034865719732789,356,1446034865718489885,robocape,1646.0,1439.0
1446034865803686331,357,1446034865802017927,robocape,1646.0,1446.0
1446034865868243581,358,1446034865866233110,robocape,1653.0,1442.0
1446034865938151456,359,1446034865932104110,robocape,1653.0,1439.0
1446034865999899540,360,1446034865998552083,robocape,1645.0,1444.0
1446034866065227790,361,1446034866063496112,robocape,1642.0,1450.0
1446034866131039165,362,1446034866129165887,robocape,1652.0,1452.0
1446034866201007831,363,1446034866199459075,robocape,1644.0,1452.0
1446034866261549956,364,1446034866260229110,robocape,1644.0,1461.0
1446034866328660706,365,1446034866326632022,robocape,1645.0,1474.0
1446034866398739915,366,1446034866392190933,robocape,1652.0,1480.0
1446034866459809581,367,1446034866458553075,robocape,1644.0,1485.0
1446034866525682040,368,1446034866523745059,robocape,1644.0,1486.0
1446034866591029457,369,1446034866589379072,robocape,1649.0,1478.0
1446034866659903915,370,1446034866658561944,robocape,1650.0,1480.0
1446034866721640665,371,1446034866720402956,robocape,1644.0,1485.0
1446034866788210498,372,1446034866786554098,robocape,1642.0,1485.0
1446034866853790582,373,1446034866852111101,robocape,1649.0,1480.0
1446034866919813123,374,1446034866918452978,robocape,1642.0,1480.0
1446034866985484540,375,1446034866983803987,robocape,1642.0,1486.0
1446034867051080790,376,1446034867049364089,robocape,1644.0,1474.0
1446034867119503540,377,1446034867118026018,robocape,1649.0,1461.0
1446034867181714748,378,1446034867180398941,robocape,1642.0,1461.0
1446034867248266624,379,1446034867246556997,robocape,1642.0,1471.0
1446034867318145915,380,1446034867312372922,robocape,1648.0,1474.0
1446034867379788040,381,1446034867378351926,robocape,1653.0,1482.0
1446034867446210540,382,1446034867444360971,robocape,1649.0,1492.0
1446034867511282582,383,1446034867509582042,robocape,1665.0,1490.0
1446034867579819165,384,1446034867578315973,robocape,1675.0,1485.0
1446034867641992124,385,1446034867640566110,robocape,1669.0,1484.0
1446034867708406124,386,1446034867706733942,robocape,1667.0,1492.0
1446034867778128374,387,1446034867772404909,robocape,1667.0,1490.0
1446034867852334832,388,1446034867844748020,robocape,1671.0,1485.0
1446034867942541332,389,1446034867938545942,robocape,1666.0,1477.0
1446034868003577999,390,1446034868002018928,robocape,1669.0,1465.0
1446034868069936832,391,1446034868068181991,robocape,1671.0,1459.0
1446034868146943291,392,1446034868144854068,robocape,1666.0,1459.0
1446034868202644916,393,1446034868200252056,robocape,1665.0,1453.0
1446034868267266541,394,1446034868265573024,robocape,1663.0,1440.0
1446034868332706541,395,1446034868331029891,robocape,1670.0,1409.0
1446034868399688499,396,1446034868398305892,robocape,1663.0,1406.0
1446034868463475457,397,1446034868462177991,robocape,1663.0,1432.0
1446034868530302082,398,1446034868528249979,robocape,1670.0,1471.0
1446034868599244666,399,1446034868597871065,robocape,1670.0,1459.0
1446034868660564749,400,1446034868659215927,robocape,1663.0,1451.0
1446034868727216708,401,1446034868725542068,robocape,1663.0,1418.0
1446034868792831041,402,1446034868791136026,robocape,1670.0,1429.0
1446034868859649499,403,1446034868858293056,robocape,1670.0,1438.0
1446034868939919583,404,1446034868938586950,robocape,1663.0,1438.0
1446034869006526833,405,1446034869004806995,robocape,1663.0,1425.0
1446034869088588833,406,1446034869086792945,robocape,1666.0,1414.0
1446034869171366166,407,1446034869169617891,robocape,1662.0,1415.0
1446034869253414374,408,1446034869251503944,robocape,1662.0,1415.0
1446034869338702791,409,1446034869337441921,robocape,1670.0,1443.0
1446034869400101958,410,1446034869398746013,robocape,1663.0,1452.0
1446034869467005208,411,1446034869464957952,robocape,1663.0,1452.0
1446034869532717500,412,1446034869530832052,robocape,1669.0,1457.0
1446034869599430791,413,1446034869598115921,robocape,1662.0,1463.0
1446034869662971458,414,1446034869661693096,robocape,1663.0,1469.0
1446034869729353416,415,1446034869727694034,robocape,1663.0,1469.0
1446034869798933000,416,1446034869797580957,robocape,1669.0,1465.0
1446034869879666166,417,1446034869878438949,robocape,1663.0,1469.0
1446034869942262291,418,1446034869941023111,robocape,1661.0,1472.0
1446034870009257833,419,1446034870007448911,robocape,1667.0,1464.0
1446034870078800167,420,1446034870072774887,robocape,1666.0,1465.0
1446034870147827417,421,1446034870144591093,robocape,1660.0,1469.0
1446034870207253375,422,1446034870204803943,robocape,1661.0,1460.0
1446034870272080500,423,1446034870269954919,robocape,1667.0,1442.0
1446034870337594250,424,1446034870335902929,robocape,1660.0,1440.0
1446034870402360417,425,1446034870401046037,robocape,1661.0,1447.0
1446034870469208708,426,1446034870467166900,robocape,1662.0,1446.0
1446034870539094792,427,1446034870537714958,robocape,1666.0,1439.0
1446034870599570917,428,1446034870598222970,robocape,1662.0,1418.0
1446034870666411792,429,1446034870664720058,robocape,1661.0,1418.0
1446034870731758000,430,1446034870730065107,robocape,1667.0,1417.0
1446034870799599500,431,1446034870798338890,robocape,1667.0,1440.0
1446034870862447417,432,1446034870861190080,robocape,1663.0,1463.0
1446034870928903834,433,1446034870927283048,robocape,1661.0,1465.0
1446034870998571792,434,1446034870992961883,robocape,1666.0,1460.0
1446034871059939084,435,1446034871058609962,robocape,1662.0,1465.0
1446034871126495292,436,1446034871124793052,robocape,1661.0,1478.0
1446034871191983125,437,1446034871190310955,robocape,1661.0,1482.0
1446034871259540375,438,1446034871258212089,robocape,1670.0,1476.0
1446034871322687334,439,1446034871321264982,robocape,1660.0,1476.0
1446034871389273834,440,1446034871387362957,robocape,1662.0,1451.0
1446034871458797334,441,1446034871457309007,robocape,1669.0,1438.0
1446034871519770167,442,1446034871518435955,robocape,1669.0,1448.0
1446034871586995542,443,1446034871584624052,robocape,1663.0,1467.0
1446034871652126417,444,1446034871650337934,robocape,1661.0,1467.0
1446034871720298417,445,1446034871718965053,robocape,1667.0,1460.0
1446034871782632626,446,1446034871781315088,robocape,1663.0,1455.0
1446034871849504626,447,1446034871847492933,robocape,1660.0,1464.0
1446034871918380959,448,1446034871913166046,robocape,1661.0,1473.0
1446034871979876209,449,1446034871978583097,robocape,1669.0,1468.0
1446034872046520126,450,1446034872044919013,robocape,1660.0,1473.0
1446034872112633293,451,1446034872110388994,robocape,1661.0,1474.0
1446034872179704209,452,1446034872178325891,robocape,1667.0,1471.0
1446034872242710376,453,1446034872241413116,robocape,1666.0,1468.0
1446034872309118543,454,1446034872307504892,robocape,1662.0,1472.0
1446034872379070543,455,1446034872377649068,robocape,1662.0,1473.0
1446034872440023168,456,1446034872438652038,robocape,1667.0,1490.0
1446034872506680376,457,1446034872504784107,robocape,1661.0,1495.0
1446034872572243209,458,1446034872570528030,robocape,1662.0,1502.0
1446034872639475293,459,1446034872638236999,robocape,1661.0,1502.0
1446034872702839126,460,1446034872701536893,robocape,1666.0,1497.0
1446034872769350418,461,1446034872767626047,robocape,1661.0,1497.0
1446034872838801460,462,1446034872837569952,robocape,1661.0,1457.0
1446034872900226293,463,1446034872898895025,robocape,1661.0,1438.0
1446034872966801793,464,1446034872964900970,robocape,1666.0,1410.0
1446034873032524918,465,1446034873030431985,robocape,1660.0,1410.0
1446034873100012960,466,1446034873098660945,robocape,1660.0,1415.0
1446034873179614960,467,1446034873178292036,robocape,1669.0,1423.0
1446034873246306251,468,1446034873244566917,robocape,1662.0,1438.0
1446034873311571751,469,1446034873309927940,robocape,1662.0,1465.0
1446034873379557126,470,1446034873378290891,robocape,1662.0,1473.0
1446034873442248793,471,1446034873441003084,robocape,1669.0,1465.0
1446034873508711418,472,1446034873507033109,robocape,1662.0,1469.0
1446034873578450168,473,1446034873572902917,robocape,1661.0,1465.0
1446034873639845210,474,1446034873638355016,robocape,1662.0,1419.0
1446034873706529710,475,1446034873704802036,robocape,1669.0,1418.0
1446034873771627793,476,1446034873769937992,robocape,1662.0,1429.0
1446034873839617377,477,1446034873838248014,robocape,1663.0,1427.0
1446034873902857752,478,1446034873901519060,robocape,1669.0,1421.0
1446034873968830877,479,1446034873967108011,robocape,1669.0,1421.0
1446034874038425627,480,1446034874032841920,robocape,1663.0,1426.0
1446034874099634793,481,1446034874098308086,robocape,1663.0,1429.0
1446034874167029710,482,1446034874165092945,robocape,1667.0,1431.0
1446034874231790960,483,1446034874230072975,robocape,1662.0,1434.0
1446034874299422127,484,1446034874298055887,robocape,1662.0,1438.0
1446034874362648252,485,1446034874361324071,robocape,1662.0,1438.0
1446034874428860627,486,1446034874427233934,robocape,1669.0,1427.0
1446034874498399585,487,1446034874492852926,robocape,1662.0,1413.0
1446034874559894419,488,1446034874558334112,robocape,1661.0,1409.0
1446034874646600835,489,1446034874630841016,robocape,1669.0,1402.0
1446034874716270710,490,1446034874703020095,robocape,1669.0,1402.0
1446034874763362502,491,1446034874762006998,robocape,1662.0,1413.0
1446034874822577127,492,1446034874821261882,robocape,1662.0,1414.0
1446034874889224711,493,1446034874887242078,robocape,1666.0,1408.0
1446034874958877794,494,1446034874953031063,robocape,1660.0,1409.0
1446034875020104169,495,1446034875018850088,robocape,1660.0,1414.0
1446034875086725461,496,1446034875084678888,robocape,1661.0,1414.0
1446034875153637752,497,1446034875151891946,robocape,1665.0,1409.0
1446034875220579877,498,1446034875219245910,robocape,1660.0,1414.0
1446034875282586627,499,1446034875281270027,robocape,1661.0,1414.0
1446034875349325419,500,1446034875347486019,robocape,1665.0,1413.0
1446034875418781711,501,1446034875413110971,robocape,1665.0,1408.0
1446034875480000461,502,1446034875478497982,robocape,1660.0,1415.0
1446034875546723461,503,1446034875544964075,robocape,1660.0,1414.0
1446034875618514211,504,1446034875612766981,robocape,1667.0,1409.0
1446034875679410961,505,1446034875678092002,robocape,1660.0,1410.0
1446034875759962836,506,1446034875758534908,robocape,1661.0,1417.0
1446034875841419878,507,1446034875839942932,robocape,1660.0,1417.0
1446034875908085836,508,1446034875906073093,robocape,1665.0,1411.0
1446034875989906128,509,1446034875988224983,robocape,1657.0,1418.0
1446034876059133378,510,1446034876057796001,robocape,1657.0,1418.0
1446034876121111253,511,1446034876119757890,robocape,1663.0,1415.0
1446034876187791919,512,1446034876185715913,robocape,1660.0,1421.0
1446034876253088294,513,1446034876251389026,robocape,1657.0,1422.0
1446034876338748128,514,1446034876333300113,robocape,1663.0,1421.0
1446034876400423711,515,1446034876399071931,robocape,1665.0,1414.0
1446034876466578295,516,1446034876464886903,robocape,1657.0,1421.0
1446034876532912378,517,1446034876531172990,robocape,1658.0,1419.0
1446034876599409128,518,1446034876598077058,robocape,1666.0,1414.0
1446034876662920253,519,1446034876661650896,robocape,1658.0,1421.0
1446034876729920545,520,1446034876727596998,robocape,1658.0,1421.0
1446034876798920586,521,1446034876797487974,robocape,1658.0,1421.0
1446034876860035378,522,1446034876858782052,robocape,1665.0,1414.0
1446034876926755545,523,1446034876924837112,robocape,1658.0,1422.0
1446034876992230753,524,1446034876990540981,robocape,1657.0,1422.0
1446034877059574670,525,1446034877058335065,robocape,1663.0,1414.0
1446034877158876962,526,1446034877156491041,robocape,1665.0,1415.0
1446034877221771253,527,1446034877220526933,robocape,1658.0,1430.0
1446034877288040087,528,1446034877286400079,robocape,1665.0,1429.0
1446034877357919087,529,1446034877352277040,robocape,1665.0,1423.0
1446034877420557670,530,1446034877419281959,robocape,1658.0,1430.0
1446034877485455628,531,1446034877483541965,robocape,1660.0,1430.0
1446034877550916503,532,1446034877549236059,robocape,1665.0,1423.0
1446034877620458753,533,1446034877619129896,robocape,1665.0,1425.0
1446034877681627629,534,1446034877680308103,robocape,1658.0,1430.0
1446034877748219462,535,1446034877746510028,robocape,1658.0,1434.0
1446034877818181295,536,1446034877812247991,robocape,1665.0,1429.0
1446034877879775045,537,1446034877878515958,robocape,1657.0,1440.0
1446034877945784587,538,1446034877943995952,robocape,1660.0,1455.0
1446034878011134962,539,1446034878009424924,robocape,1666.0,1456.0
1446034878079875920,540,1446034878078528881,robocape,1663.0,1451.0
1446034878148072295,541,1446034878144925117,robocape,1658.0,1459.0
1446034878208333837,542,1446034878206644058,robocape,1658.0,1460.0
1446034878278143254,543,1446034878272428989,robocape,1665.0,1453.0
1446034878340202962,544,1446034878338440895,robocape,1665.0,1453.0
1446034878405773337,545,1446034878404030084,robocape,1660.0,1460.0
1446034878471283837,546,1446034878469573020,robocape,1658.0,1490.0
1446034878539935754,547,1446034878538588047,robocape,1663.0,1497.0
1446034878601890129,548,1446034878600548028,robocape,1657.0,1495.0
1446034878668365837,549,1446034878666656017,robocape,1660.0,1501.0
1446034878739430337,550,1446034878733220100,robocape,1663.0,1497.0
1446034878799865462,551,1446034878798567056,robocape,1663.0,1497.0
1446034878865936421,552,1446034878864226102,robocape,1657.0,1502.0
1446034878931321379,553,1446034878929614067,robocape,1658.0,1502.0
1446034878999776546,554,1446034878998460054,robocape,1665.0,1497.0
1446034879061952629,555,1446034879060626983,robocape,1658.0,1495.0
1446034879128501088,556,1446034879126792907,robocape,1658.0,1501.0
1446034879198425671,557,1446034879192420959,robocape,1658.0,1484.0
1446034879259907796,558,1446034879258456945,robocape,1665.0,1474.0
1446034879326368338,559,1446034879324323892,robocape,1658.0,1474.0
1446034879391555713,560,1446034879389605045,robocape,1658.0,1481.0
1446034879459818838,561,1446034879458555936,robocape,1658.0,1474.0
1446034879522048296,562,1446034879520680904,robocape,1665.0,1467.0
1446034879588472963,563,1446034879586786031,robocape,1658.0,1464.0
1446034879658703171,564,1446034879652563095,robocape,1658.0,1465.0
1446034879719565338,565,1446034879718307971,robocape,1665.0,1464.0
1446034879786301338,566,1446034879784363985,robocape,1665.0,1472.0
1446034879851466505,567,1446034879849770069,robocape,1657.0,1481.0
1446034879919388588,568,1446034879918071985,robocape,1658.0,1474.0
1446034879982107046,569,1446034879980784893,robocape,1665.0,1465.0
1446034880049064796,570,1446034880047251939,robocape,1658.0,1461.0
1446034880118160088,571,1446034880112694978,robocape,1658.0,1465.0
1446034880179819921,572,1446034880178476095,robocape,1658.0,1465.0
1446034880247848338,573,1446034880246148109,robocape,1665.0,1459.0
1446034880311862255,574,1446034880310134887,robocape,1658.0,1465.0
1446034880379583421,575,1446034880378325939,robocape,1660.0,1464.0
1446034880442264130,576,1446034880440994977,robocape,1665.0,1464.0
1446034880508679922,577,1446034880507009983,robocape,1665.0,1459.0
1446034880578490130,578,1446034880572673082,robocape,1658.0,1467.0
1446034880660063838,579,1446034880658751010,robocape,1657.0,1477.0
1446034880721581255,580,1446034880720282077,robocape,1663.0,1480.0
1446034880788589255,581,1446034880786839962,robocape,1657.0,1478.0
1446034880853875547,582,1446034880852166891,robocape,1656.0,1486.0
1446034880919815547,583,1446034880918478965,robocape,1661.0,1489.0
1446034880985412838,584,1446034880983736991,robocape,1663.0,1480.0
1446034881051945630,585,1446034881049851894,robocape,1657.0,1488.0
1446034881120250797,586,1446034881119004964,robocape,1657.0,1489.0
1446034881181810714,587,1446034881180473089,robocape,1662.0,1480.0
1446034881248750047,588,1446034881247013092,robocape,1662.0,1480.0
1446034881318642047,589,1446034881312246084,robocape,1657.0,1472.0
1446034881383690130,590,1446034881381577014,robocape,1657.0,1465.0
1446034881452114089,591,1446034881446155071,robocape,1662.0,1460.0
1446034881529320672,592,1446034881522814035,robocape,1657.0,1459.0
1446034881581004214,593,1446034881579200983,robocape,1657.0,1465.0
1446034881642020089,594,1446034881640675067,robocape,1657.0,1464.0
1446034881708770422,595,1446034881706669092,robocape,1662.0,1456.0
1446034881781978839,596,1446034881772161006,robocape,1656.0,1461.0
1446034881840270797,597,1446034881838908910,robocape,1657.0,1459.0
1446034881905974006,598,1446034881903992891,robocape,1661.0,1455.0
1446034881971194839,599,1446034881969470977,robocape,1662.0,1456.0
1446034882039383631,600,1446034882038014888,robocape,1658.0,1469.0
1446034882102162797,601,1446034882100687980,robocape,1654.0,1471.0
1446034882168316589,602,1446034882166608095,robocape,1663.0,1465.0
1446034882234266006,603,1446034882232568979,robocape,1657.0,1465.0
1446034882299866547,604,1446034882298599004,robocape,1656.0,1469.0
1446034882381163797,605,1446034882379842042,robocape,1654.0,1469.0
1446034882463377797,606,1446034882461978912,robocape,1665.0,1465.0
1446034882546765797,607,1446034882544828891,robocape,1658.0,1471.0
1446034882612129714,608,1446034882610320091,robocape,1660.0,1472.0
1446034882698005089,609,1446034882692378997,robocape,1663.0,1465.0
1446034882779587923,610,1446034882778248071,robocape,1656.0,1469.0
1446034882841226839,611,1446034882839911937,robocape,1658.0,1469.0
1446034882923418464,612,1446034882922065019,robocape,1665.0,1464.0
1446034882989881298,613,1446034882988187074,robocape,1658.0,1464.0
1446034883059342173,614,1446034883058083057,robocape,1658.0,1464.0
1446034883121210964,615,1446034883119857072,robocape,1665.0,1459.0
1446034883187310048,616,1446034883185619115,robocape,1665.0,1457.0
1446034883253270423,617,1446034883251400947,robocape,1658.0,1459.0
1446034883319476881,618,1446034883318207025,robocape,1658.0,1457.0
1446034883383500090,619,1446034883382194042,robocape,1663.0,1452.0
1446034883450103715,620,1446034883448405981,robocape,1658.0,1448.0
1446034883519487131,621,1446034883518130064,robocape,1657.0,1444.0
1446034883580610548,622,1446034883579314947,robocape,1658.0,1444.0
1446034883647202048,623,1446034883645488977,robocape,1665.0,1432.0
1446034883712982840,624,1446034883711148023,robocape,1660.0,1438.0
1446034883779887590,625,1446034883778641939,robocape,1658.0,1439.0
1446034883843538590,626,1446034883842214107,robocape,1660.0,1432.0
1446034883910502048,627,1446034883908428907,robocape,1665.0,1426.0
1446034883979689923,628,1446034883974144935,robocape,1660.0,1432.0
1446034884040938298,629,1446034884039614915,robocape,1658.0,1434.0
1446034884107821340,630,1446034884105848073,robocape,1663.0,1427.0
1446034884173478298,631,1446034884171315908,robocape,1663.0,1426.0
1446034884240240798,632,1446034884238692045,robocape,1660.0,1432.0
1446034884304326798,633,1446034884302367925,robocape,1658.0,1432.0
1446034884370937007,634,1446034884368746042,robocape,1663.0,1427.0
1446034884439115715,635,1446034884437799930,robocape,1658.0,1426.0
1446034884500841298,636,1446034884499581098,robocape,1658.0,1431.0
1446034884567425590,637,1446034884565578937,robocape,1657.0,1432.0
1446034884632974757,638,1446034884631299018,robocape,1665.0,1426.0
1446034884699876215,639,1446034884698615074,robocape,1657.0,1442.0
1446034884764304424,640,1446034884762432098,robocape,1658.0,1450.0
1446034884830202507,641,1446034884828521013,robocape,1665.0,1444.0
1446034884899707799,642,1446034884898221015,robocape,1665.0,1442.0
1446034884961322549,643,1446034884959992885,robocape,1657.0,1450.0
1446034885027690424,644,1446034885025779008,robocape,1658.0,1459.0
1446034885093178174,645,1446034885091454029,robocape,1665.0,1453.0
1446034885161712090,646,1446034885160248994,robocape,1658.0,1452.0
1446034885224397049,647,1446034885222543954,robocape,1658.0,1457.0
1446034885290703299,648,1446034885288686037,robocape,1658.0,1459.0
1446034885359516507,649,1446034885357898950,robocape,1665.0,1452.0
1446034885421004966,650,1446034885419764995,robocape,1660.0,1459.0
1446034885487833716,651,1446034885485852956,robocape,1658.0,1457.0
1446034885553331216,652,1446034885551652908,robocape,1665.0,1452.0
1446034885619656799,653,1446034885618325948,robocape,1663.0,1452.0
1446034885684613341,654,1446034885682605028,robocape,1660.0,1455.0
1446034885766996716,655,1446034885765271902,robocape,1657.0,1451.0
1446034885832540132,656,1446034885830874919,robocape,1663.0,1446.0
1446034885899593174,657,1446034885898333072,robocape,1658.0,1452.0
1446034885963454799,658,1446034885961946964,robocape,1658.0,1451.0
1446034886030053049,659,1446034886028029918,robocape,1662.0,1451.0
1446034886099436508,660,1446034886098073005,robocape,1663.0,1446.0
1446034886161888508,661,1446034886160536050,robocape,1658.0,1451.0
1446034886226955841,662,1446034886225246906,robocape,1658.0,1451.0
1446034886293261508,663,1446034886291018009,robocape,1663.0,1446.0
1446034886359541716,664,1446034886358180999,robocape,1662.0,1447.0
1446034886423367341,665,1446034886422029018,robocape,1658.0,1451.0
1446034886489901966,666,1446034886488207101,robocape,1658.0,1452.0
1446034886559228799,667,1446034886557971954,robocape,1665.0,1446.0
1446034886620539383,668,1446034886619219064,robocape,1660.0,1446.0
1446034886687248299,669,1446034886685547113,robocape,1660.0,1452.0
1446034886753416049,670,1446034886751108884,robocape,1658.0,1452.0
1446034886819873883,671,1446034886818552017,robocape,1665.0,1446.0
1446034886883499341,672,1446034886882191896,robocape,1658.0,1452.0
1446034886950233550,673,1446034886948529958,robocape,1658.0,1452.0
1446034887019680216,674,1446034887018320083,robocape,1665.0,1446.0
1446034887080615550,675,1446034887079363107,robocape,1665.0,1446.0
1446034887150099633,676,1446034887147367954,robocape,1658.0,1451.0
1446034887213182925,677,1446034887211158990,robocape,1658.0,1453.0
1446034887279990466,678,1446034887278743982,robocape,1665.0,1447.0
1446034887344042841,679,1446034887342230081,robocape,1660.0,1447.0
1446034887410219550,680,1446034887408499956,robocape,1658.0,1463.0
1446034887479613758,681,1446034887478339910,robocape,1657.0,1461.0
1446034887540760258,682,1446034887539429903,robocape,1663.0,1456.0
1446034887607551425,683,1446034887605663061,robocape,1660.0,1468.0
1446034887673281383,684,1446034887671308040,robocape,1658.0,1473.0
1446034887740718550,685,1446034887739268064,robocape,1665.0,1480.0
1446034887804703592,686,1446034887802696943,robocape,1663.0,1494.0
1446034887870739383,687,1446034887868659973,robocape,1658.0,1502.0
1446034887939332175,688,1446034887938009977,robocape,1660.0,1502.0
1446034888000956175,689,1446034887999680995,robocape,1665.0,1495.0
1446034888067788675,690,1446034888066090106,robocape,1658.0,1497.0
1446034888134786925,691,1446034888131371974,robocape,1660.0,1503.0
1446034888199858592,692,1446034888198280096,robocape,1661.0,1502.0
1446034888275273467,693,1446034888266881942,robocape,1666.0,1497.0
1446034888337363925,694,1446034888330455064,robocape,1660.0,1503.0
1446034888399697425,695,1446034888398255109,robocape,1660.0,1505.0
1446034888461114509,696,1446034888459650039,robocape,1667.0,1497.0
1446034888527703592,697,1446034888525810003,robocape,1666.0,1497.0
1446034888593726342,698,1446034888592005014,robocape,1661.0,1503.0
1446034888659975009,699,1446034888658514976,robocape,1661.0,1503.0
1446034888724500717,700,1446034888722599983,robocape,1667.0,1497.0
1446034888790560175,701,1446034888788677930,robocape,1661.0,1498.0
1446034888860085425,702,1446034888858606100,robocape,1661.0,1507.0
1446034888921058051,703,1446034888919806957,robocape,1660.0,1510.0
1446034888987657801,704,1446034888985951900,robocape,1663.0,1495.0
1446034889069997967,705,1446034889068031072,robocape,1661.0,1484.0
1446034889145428051,706,1446034889142992973,robocape,1658.0,1419.0
1446034889200779801,707,1446034889199440956,robocape,1666.0,1411.0
1446034889282860342,708,1446034889281342983,robocape,1662.0,1411.0
1446034889349092134,709,1446034889347387075,robocape,1660.0,1446.0
1446034889419109967,710,1446034889413115978,robocape,1661.0,1417.0
1446034889499521051,711,1446034889498183965,robocape,1666.0,1421.0
1446034889562045384,712,1446034889560698032,robocape,1660.0,1482.0
1446034889628682801,713,1446034889626656055,robocape,1661.0,1469.0
1446034889697935926,714,1446034889692286968,robocape,1666.0,1415.0
1446034889760139218,715,1446034889758339881,robocape,1667.0,1380.0
1446034889825979301,716,1446034889823935031,robocape,1661.0,1383.0
1446034889891152593,717,1446034889889471054,robocape,1660.0,1385.0
1446034889959588218,718,1446034889958085060,robocape,1666.0,1400.0
1446034890021929759,719,1446034890020641088,robocape,1660.0,1405.0
1446034890088722801,720,1446034890086658954,robocape,1661.0,1406.0
1446034890154966926,721,1446034890153234958,robocape,1641.0,1417.0
1446034890220102093,722,1446034890218775987,robocape,1632.0,1434.0
1446034890286454510,723,1446034890284261941,robocape,1614.0,1443.0
1446034890351269260,724,1446034890349579095,robocape,1593.0,1443.0
1446034890420014718,725,1446034890418623924,robocape,1581.0,1436.0
1446034890481900968,726,1446034890480586051,robocape,1573.0,1436.0
1446034890548423968,727,1446034890546730041,robocape,1545.0,1443.0
1446034890618188426,728,1446034890612365007,robocape,1537.0,1443.0
1446034890680116135,729,1446034890678654909,robocape,1545.0,1436.0
1446034890750654551,730,1446034890744319915,robocape,1544.0,1435.0
1446034890811251551,731,1446034890809561967,robocape,1531.0,1443.0
1446034890879889760,732,1446034890878560066,robocape,1526.0,1442.0
1446034890941937968,733,1446034890940643072,robocape,1531.0,1436.0
1446034891008731510,734,1446034891007107019,robocape,1523.0,1443.0
1446034891078681677,735,1446034891072580099,robocape,1522.0,1443.0
1446034891148160802,736,1446034891144988059,robocape,1528.0,1438.0
1446034891205934593,737,1446034891204274892,robocape,1527.0,1435.0
1446034891271404843,738,1446034891269711971,robocape,1520.0,1442.0
1446034891339622052,739,1446034891338287115,robocape,1523.0,1443.0
1446034891402072552,740,1446034891400753021,robocape,1531.0,1438.0
1446034891468810093,741,1446034891466928005,robocape,1531.0,1459.0
1446034891538645093,742,1446034891532972097,robocape,1535.0,1465.0
1446034891599709552,743,1446034891598385095,robocape,1539.0,1465.0
1446034891666593844,744,1446034891664897918,robocape,1545.0,1459.0
1446034891731503219,745,1446034891729809045,robocape,1539.0,1465.0
1446034891800100885,746,1446034891798767089,robocape,1539.0,1447.0
1446034891862181719,747,1446034891860933065,robocape,1541.0,1443.0
1446034891928663885,748,1446034891926961898,robocape,1539.0,1444.0
1446034891998347219,749,1446034891992644071,robocape,1534.0,1459.0
1446034892059379927,750,1446034892058134078,robocape,1534.0,1459.0
1446034892126549385,751,1446034892124778032,robocape,1539.0,1453.0
1446034892192264844,752,1446034892190109968,robocape,1536.0,1453.0
1446034892260176427,753,1446034892258831024,robocape,1530.0,1459.0
1446034892322512302,754,1446034892321125030,robocape,1528.0,1460.0
1446034892389035969,755,1446034892387321949,robocape,1535.0,1453.0
1446034892459380344,756,1446034892452845096,robocape,1536.0,1464.0
1446034892519520427,757,1446034892518183946,robocape,1539.0,1488.0
1446034892586468052,758,1446034892584667921,robocape,1543.0,1484.0
1446034892651771011,759,1446034892650049924,robocape,1543.0,1494.0
1446034892719485427,760,1446034892718245029,robocape,1539.0,1505.0
1446034892782637261,761,1446034892781138896,robocape,1540.0,1503.0
1446034892848977177,762,1446034892847254037,robocape,1547.0,1498.0
1446034892918498886,763,1446034892912933111,robocape,1547.0,1499.0
1446034892980010261,764,1446034892978548049,robocape,1541.0,1507.0
1446034893046545636,765,1446034893044859886,robocape,1541.0,1511.0
1446034893112312928,766,1446034893110106945,robocape,1548.0,1503.0
1446034893179385344,767,1446034893178057909,robocape,1540.0,1505.0
1446034893242540761,768,1446034893241209030,robocape,1541.0,1498.0
1446034893308859219,769,1446034893307199954,robocape,1541.0,1451.0
1446034893378698719,770,1446034893373040914,robocape,1547.0,1444.0
1446034893439878761,771,1446034893438525915,robocape,1541.0,1421.0
1446034893506375678,772,1446034893504647970,robocape,1540.0,1422.0
1446034893572059886,773,1446034893570360898,robocape,1544.0,1385.0
1446034893639649261,774,1446034893638397932,robocape,1548.0,1381.0
1446034893702570053,775,1446034893701256036,robocape,1541.0,1463.0
1446034893769199803,776,1446034893767422914,robocape,1540.0,1493.0
1446034893838711011,777,1446034893833060979,robocape,1547.0,1489.0
1446034893899819053,778,1446034893898494958,robocape,1548.0,1497.0
1446034893966487095,779,1446034893964811086,robocape,1543.0,1503.0
1446034894032897178,780,1446034894031128883,robocape,1562.0,1502.0
1446034894099981803,781,1446034894098634004,robocape,1565.0,1498.0
1446034894163046886,782,1446034894161732912,robocape,1561.0,1503.0
1446034894229505636,783,1446034894227826118,robocape,1568.0,1505.0
1446034894299335886,784,1446034894293251037,robocape,1577.0,1497.0
1446034894359886261,785,1446034894358558893,robocape,1581.0,1497.0
1446034894426562261,786,1446034894424796104,robocape,1576.0,1503.0
1446034894492429970,787,1446034894490639925,robocape,1576.0,1503.0
1446034894559431720,788,1446034894558157920,robocape,1586.0,1497.0
1446034894622818928,789,1446034894621494054,robocape,1587.0,1497.0
1446034894689943720,790,1446034894687885999,robocape,1589.0,1503.0
1446034894759087262,791,1446034894757724046,robocape,1589.0,1498.0
1446034894820193012,792,1446034894818861007,robocape,1595.0,1490.0
1446034894886758970,793,1446034894884916067,robocape,1589.0,1498.0
1446034894952198970,794,1446034894950566053,robocape,1589.0,1488.0
1446034895025714595,795,1446034895023441076,robocape,1594.0,1464.0
1446034895096196262,796,1446034895089354038,robocape,1595.0,1464.0
1446034895163284137,797,1446034895159687995,robocape,1587.0,1465.0
1446034895215131345,798,1446034895213368892,robocape,1586.0,1464.0
1446034895280329429,799,1446034895279072999,robocape,1593.0,1459.0
1446034895346765804,800,1446034895344888925,robocape,1593.0,1467.0
1446034895412448304,801,1446034895410552978,robocape,1586.0,1481.0
1446034895479549387,802,1446034895478292942,robocape,1587.0,1480.0
1446034895542963304,803,1446034895541640043,robocape,1593.0,1473.0
1446034895609431137,804,1446034895607741117,robocape,1587.0,1459.0
1446034895679306554,805,1446034895677978038,robocape,1586.0,1453.0
1446034895760279804,806,1446034895758831024,robocape,1593.0,1451.0
1446034895823298637,807,1446034895821970939,robocape,1593.0,1444.0
1446034895888845721,808,1446034895887149095,robocape,1586.0,1452.0
1446034895971009887,809,1446034895969300031,robocape,1586.0,1453.0
1446034896039808679,810,1446034896038553953,robocape,1590.0,1447.0
1446034896101691179,811,1446034896100311994,robocape,1586.0,1452.0
1446034896184363346,812,1446034896182482004,robocape,1587.0,1453.0
1446034896266998721,813,1446034896265191078,robocape,1599.0,1444.0
1446034896348931429,814,1446034896347218990,robocape,1595.0,1444.0
1446034896419819887,815,1446034896412909984,robocape,1608.0,1451.0
1446034896499747637,816,1446034896498397111,robocape,1612.0,1443.0
1446034896561919013,817,1446034896560607910,robocape,1611.0,1443.0
1446034896628674054,818,1446034896626593112,robocape,1607.0,1460.0
1446034896698750804,819,1446034896693073987,robocape,1604.0,1494.0
1446034896760024054,820,1446034896758377075,robocape,1611.0,1497.0
1446034896825898721,821,1446034896824167013,robocape,1604.0,1502.0
1446034896891246554,822,1446034896889492988,robocape,1604.0,1502.0
1446034896960690679,823,1446034896959356069,robocape,1612.0,1495.0
1446034897021846763,824,1446034897020554065,robocape,1611.0,1495.0
1446034897088495888,825,1446034897086796998,robocape,1606.0,1501.0
1446034897154849929,826,1446034897153086900,robocape,1604.0,1502.0
1446034897219601721,827,1446034897218349933,robocape,1612.0,1494.0
1446034897285365805,828,1446034897283494949,robocape,1612.0,1495.0
1446034897351505763,829,1446034897349803924,robocape,1636.0,1501.0
1446034897419637430,830,1446034897418318986,robocape,1639.0,1502.0
1446034897482009471,831,1446034897480679988,robocape,1645.0,1494.0
1446034897548574930,832,1446034897546883106,robocape,1637.0,1495.0
1446034897618083138,833,1446034897612458944,robocape,1637.0,1501.0
1446034897679581638,834,1446034897678152084,robocape,1644.0,1489.0
1446034897746207846,835,1446034897744534015,robocape,1644.0,1478.0
1446034897811408096,836,1446034897809639930,robocape,1636.0,1473.0
1446034897879662513,837,1446034897878113031,robocape,1637.0,1472.0
1446034897942035346,838,1446034897940788030,robocape,1644.0,1456.0
1446034898008624472,839,1446034898006783962,robocape,1644.0,1455.0
1446034898078265513,840,1446034898072547912,robocape,1637.0,1453.0
1446034898146141430,841,1446034898144716024,robocape,1637.0,1453.0
1446034898206162472,842,1446034898204535961,robocape,1642.0,1447.0
1446034898272252930,843,1446034898270323038,robocape,1636.0,1448.0
1446034898339662013,844,1446034898338342905,robocape,1636.0,1452.0
1446034898402408763,845,1446034898400819063,robocape,1637.0,1455.0
1446034898468755847,846,1446034898467031955,robocape,1642.0,1447.0
1446034898538665763,847,1446034898532747983,robocape,1637.0,1453.0
1446034898599672222,848,1446034898598339080,robocape,1637.0,1453.0
1446034898666702680,849,1446034898664607048,robocape,1642.0,1448.0
1446034898731555430,850,1446034898729904890,robocape,1642.0,1448.0
1446034898799792347,851,1446034898798542022,robocape,1636.0,1455.0
1446034898862244764,852,1446034898860980033,robocape,1636.0,1453.0
1446034898928775055,853,1446034898927047014,robocape,1641.0,1448.0
1446034898998571680,854,1446034898992791891,robocape,1635.0,1448.0
1446034899059496514,855,1446034899058223009,robocape,1639.0,1453.0
1446034899126741680,856,1446034899124788999,robocape,1637.0,1453.0
1446034899192181180,857,1446034899190128087,robocape,1641.0,1448.0
1446034899259409264,858,1446034899258100986,robocape,1636.0,1453.0
1446034899322338055,859,1446034899321012020,robocape,1636.0,1455.0
1446034899388936514,860,1446034899387252092,robocape,1642.0,1448.0
1446034899458495639,861,1446034899452873945,robocape,1642.0,1447.0
1446034899520469181,862,1446034899519217014,robocape,1636.0,1453.0
1446034899586728597,863,1446034899584701061,robocape,1636.0,1455.0
1446034899651906056,864,1446034899650063037,robocape,1642.0,1448.0
1446034899719828556,865,1446034899718482971,robocape,1636.0,1448.0
1446034899782798431,866,1446034899781141996,robocape,1636.0,1453.0
1446034899848819847,867,1446034899847223997,robocape,1636.0,1453.0
1446034899918651347,868,1446034899912936925,robocape,1644.0,1447.0
1446034899980166514,869,1446034899978837966,robocape,1637.0,1453.0
1446034900046485681,870,1446034900044789075,robocape,1637.0,1453.0
1446034900111847014,871,1446034900110102891,robocape,1644.0,1453.0
1446034900177608681,872,1446034900175874948,robocape,1642.0,1459.0
1446034900242536014,873,1446034900241220951,robocape,1637.0,1472.0
1446034900309405556,874,1446034900307513952,robocape,1636.0,1476.0
1446034900378654223,875,1446034900373083114,robocape,1641.0,1471.0
1446034900439844056,876,1446034900438400983,robocape,1637.0,1472.0
1446034900506652639,877,1446034900504705905,robocape,1635.0,1482.0
1446034900573187931,878,1446034900571115970,robocape,1637.0,1490.0
1446034900639817723,879,1446034900638492107,robocape,1644.0,1490.0
1446034900702828473,880,1446034900701344966,robocape,1637.0,1493.0
1446034900769294973,881,1446034900767597913,robocape,1636.0,1502.0
1446034900838588973,882,1446034900833174943,robocape,1642.0,1502.0
1446034900899946265,883,1446034900898606061,robocape,1642.0,1495.0
1446034900966572015,884,1446034900964898109,robocape,1636.0,1501.0
1446034901032062098,885,1446034901030390024,robocape,1635.0,1502.0
1446034901099693140,886,1446034901098366975,robocape,1642.0,1488.0
1446034901162700223,887,1446034901161444902,robocape,1641.0,1476.0
1446034901229230348,888,1446034901227430105,robocape,1636.0,1481.0
1446034901299180931,889,1446034901297617912,robocape,1637.0,1455.0
1446034901359862390,890,1446034901358557939,robocape,1641.0,1450.0
1446034901426530515,891,1446034901424830913,robocape,1635.0,1460.0
1446034901492578140,892,1446034901490540027,robocape,1635.0,1472.0
1446034901559576390,893,1446034901558329105,robocape,1636.0,1472.0
1446034901623000307,894,1446034901621675014,robocape,1642.0,1473.0
1446034901689684098,895,1446034901687639951,robocape,1636.0,1497.0
1446034901758852348,896,1446034901757428884,robocape,1636.0,1501.0
1446034901820035015,897,1446034901818706989,robocape,1641.0,1494.0
1446034901904895640,898,1446034901899869918,robocape,1641.0,1494.0
1446034901968740848,899,1446034901967035055,robocape,1639.0,1499.0
1446034902038235432,900,1446034902032789945,robocape,1637.0,1498.0
1446034902099818223,901,1446034902098349094,robocape,1644.0,1481.0
1446034902166225390,902,1446034902164498090,robocape,1637.0,1481.0
1446034902231558057,903,1446034902229913949,robocape,1637.0,1467.0
1446034902300085807,904,1446034902298604011,robocape,1644.0,1464.0
1446034902362230765,905,1446034902360981941,robocape,1644.0,1455.0
1446034902428673474,906,1446034902427028894,robocape,1637.0,1460.0
1446034902498515474,907,1446034902492774009,robocape,1637.0,1460.0
1446034902559481432,908,1446034902558213949,robocape,1644.0,1455.0
1446034902628875724,909,1446034902626781940,robocape,1645.0,1453.0
1446034902691728807,910,1446034902689940929,robocape,1637.0,1463.0
1446034902759916849,911,1446034902758553028,robocape,1637.0,1467.0
1446034902840030807,912,1446034902838510990,robocape,1644.0,1478.0
1446034902905721307,913,1446034902903788089,robocape,1637.0,1497.0
1446034902988248682,914,1446034902986309051,robocape,1637.0,1501.0
1446034903069696099,915,1446034903067971944,robocape,1644.0,1495.0
1446034903154208599,916,1446034903152381896,robocape,1636.0,1502.0
1446034903220210057,917,1446034903218864917,robocape,1639.0,1502.0
1446034903282983349,918,1446034903281156063,robocape,1642.0,1495.0
1446034903349167266,919,1446034903347457885,robocape,1644.0,1481.0
1446034903418658266,920,1446034903412878990,robocape,1637.0,1464.0
1446034903479604849,921,1446034903478363037,robocape,1639.0,1459.0
1446034903546525641,922,1446034903544827938,robocape,1645.0,1453.0
1446034903611919891,923,1446034903610107898,robocape,1636.0,1453.0
1446034903679420974,924,1446034903678090095,robocape,1637.0,1459.0
1446034903742477849,925,1446034903741162061,robocape,1637.0,1459.0
1446034903808993558,926,1446034903807254076,robocape,1642.0,1453.0
1446034903878682183,927,1446034903873102903,robocape,1637.0,1478.0
1446034903939906974,928,1446034903938564062,robocape,1636.0,1494.0
1446034904007236391,929,1446034904005242109,robocape,1644.0,1489.0
1446034904071925641,930,1446034904070245027,robocape,1642.0,1495.0
1446034904150227683,931,1446034904146522998,robocape,1636.0,1501.0
1446034904202632641,932,1446034904201307058,robocape,1637.0,1503.0
1446034904269277225,933,1446034904267522096,robocape,1642.0,1495.0
1446034904342475100,934,1446034904340413093,robocape,1637.0,1490.0
1446034904400095766,935,1446034904398775100,robocape,1637.0,1463.0
1446034904466829433,936,1446034904464881896,robocape,1636.0,1450.0
1446034904532060725,937,1446034904530349016,robocape,1642.0,1442.0
1446034904600100391,938,1446034904598608016,robocape,1636.0,1447.0
1446034904662657808,939,1446034904661390066,robocape,1636.0,1447.0
1446034904729241641,940,1446034904727514028,robocape,1644.0,1448.0
1446034904799230266,941,1446034904793277978,robocape,1644.0,1442.0
1446034904859829641,942,1446034904858519077,robocape,1636.0,1447.0
1446034904941990308,943,1446034904940731048,robocape,1636.0,1451.0
1446034905009168350,944,1446034905006809949,robocape,1644.0,1471.0
1446034905078282100,945,1446034905072643995,robocape,1639.0,1494.0
1446034905147558100,946,1446034905145380020,robocape,1637.0,1501.0
1446034905206201017,947,1446034905204560995,robocape,1644.0,1495.0
1446034905288105058,948,1446034905286439895,robocape,1644.0,1495.0
1446034905357850225,949,1446034905352027893,robocape,1637.0,1502.0
1446034905419985100,950,1446034905418629884,robocape,1637.0,1502.0
1446034905485153350,951,1446034905482973098,robocape,1644.0,1497.0
1446034905550975475,952,1446034905549088001,robocape,1637.0,1493.0
1446034905619854683,953,1446034905618609905,robocape,1637.0,1464.0
1446034905681431350,954,1446034905680118083,robocape,1636.0,1448.0
1446034905747905767,955,1446034905746247053,robocape,1644.0,1438.0
1446034905813802517,956,1446034905812099933,robocape,1637.0,1430.0
1446034905879410434,957,1446034905878082990,robocape,1637.0,1430.0
1446034905945332517,958,1446034905943067073,robocape,1644.0,1429.0
1446034906011393309,959,1446034906009182929,robocape,1644.0,1423.0
1446034906079548725,960,1446034906078217983,robocape,1639.0,1436.0
1446034906149087767,961,1446034906145889997,robocape,1637.0,1446.0
1446034906208491850,962,1446034906206351041,robocape,1644.0,1443.0
1446034906273737517,963,1446034906272018909,robocape,1637.0,1457.0
1446034906339523142,964,1446034906338192939,robocape,1636.0,1464.0
1446034906405760851,965,1446034906403650045,robocape,1602.0,1464.0
1446034906470959101,966,1446034906469140052,robocape,1595.0,1457.0
1446034906539376226,967,1446034906538039922,robocape,1553.0,1464.0
1446034906601587142,968,1446034906600172042,robocape,1516.0,1464.0
1446034906668003976,969,1446034906666330099,robocape,1514.0,1465.0
1446034906733766101,970,1446034906732048034,robocape,1511.0,1446.0
1446034906800313309,971,1446034906798983097,robocape,1507.0,1447.0
1446034906865970892,972,1446034906863133907,robocape,1509.0,1444.0
1446034906930813226,973,1446034906929245948,robocape,1523.0,1438.0
1446034906999600559,974,1446034906998358964,robocape,1526.0,1442.0
1446034907061695393,975,1446034907060374975,robocape,1531.0,1467.0
1446034907128406559,976,1446034907126756906,robocape,1541.0,1502.0
1446034907198164101,977,1446034907192167043,robocape,1549.0,1495.0
1446034907259618268,978,1446034907258372068,robocape,1545.0,1495.0
1446034907325509768,979,1446034907323848962,robocape,1545.0,1502.0
1446034907391070809,980,1446034907389411926,robocape,1552.0,1495.0
1446034907459950143,981,1446034907458796024,robocape,1552.0,1497.0
1446034907522001018,982,1446034907520437955,robocape,1547.0,1503.0
1446034907588195643,983,1446034907586502075,robocape,1547.0,1502.0
1446034907658640018,984,1446034907652503013,robocape,1555.0,1495.0
1446034907719937809,985,1446034907718686103,robocape,1553.0,1492.0
1446034907785722310,986,1446034907783948898,robocape,1548.0,1472.0
1446034907851132435,987,1446034907849415063,robocape,1547.0,1425.0
1446034907919933685,988,1446034907918593883,robocape,1555.0,1415.0
1446034907981781601,989,1446034907980469942,robocape,1552.0,1411.0
1446034908048583601,990,1446034908046583890,robocape,1547.0,1411.0
1446034908118666560,991,1446034908112443923,robocape,1547.0,1402.0
1446034908180552518,992,1446034908179299116,robocape,1552.0,1394.0
1446034908245724351,993,1446034908244010925,robocape,1553.0,1390.0
1446034908311458601,994,1446034908309396028,robocape,1547.0,1390.0
1446034908379737018,995,1446034908378473997,robocape,1544.0,1390.0
1446034908441860268,996,1446034908440531015,robocape,1549.0,1387.0
1446034908508390143,997,1446034908506705999,robocape,1544.0,1438.0
1446034908578144727,998,1446034908572463989,robocape,1543.0,1484.0
1446034908645285768,999,1446034908642613887,robocape,1549.0,1495.0
1446034908715432685,1000,1446034908708482027,robocape,1548.0,1472.0
1446034908775684185,1001,1446034908773679018,robocape,1543.0,1477.0
1446034908839818935,1002,1446034908838485956,robocape,1543.0,1476.0
1446034908902091102,1003,1446034908900671958,robocape,1545.0,1472.0
1446034908968463310,1004,1446034908966768026,robocape,1526.0,1476.0
1446034909038403768,1005,1446034909032684087,robocape,1514.0,1477.0
1446034909099412310,1006,1446034909098052978,robocape,1516.0,1472.0
1446034909169208769,1007,1446034909167498111,robocape,1514.0,1471.0
1446034909231257519,1008,1446034909229548931,robocape,1493.0,1476.0
1446034909299842102,1009,1446034909298605918,robocape,1415.0,1477.0
1446034909361867269,1010,1446034909360621929,robocape,1358.0,1472.0
1446034909428812935,1011,1446034909426939964,robocape,1356.0,1472.0
1446034909498112727,1012,1446034909492432117,robocape,1321.0,1477.0
1446034909559687185,1013,1446034909558242082,robocape,1317.0,1476.0
1446034909628343102,1014,1446034909626405954,robocape,1329.0,1471.0
1446034909691497935,1015,1446034909689596891,robocape,1360.0,1472.0
1446034909773499685,1016,1446034909771791934,robocape,1356.0,1443.0
1446034909859556561,1017,1446034909858246088,robocape,1368.0,1431.0
1446034909920513894,1018,1446034909919259071,robocape,1362.0,1419.0
1446034910002816936,1019,1446034910001558065,robocape,1351.0,1426.0
1446034910069236352,1020,1446034910067534923,robocape,1351.0,1426.0
1446034910145139769,1021,1446034910133270025,robocape,1356.0,1419.0
1446034910200078519,1022,1446034910198837995,robocape,1356.0,1427.0
1446034910266978644,1023,1446034910265095949,robocape,1367.0,1467.0
1446034910334082102,1024,1446034910332376956,robocape,1375.0,1467.0
1446034910399500186,1025,1446034910398260116,robocape,1377.0,1488.0
1446034910462935269,1026,1446034910461600065,robocape,1384.0,1503.0
1446034910529879186,1027,1446034910528033971,robocape,1434.0,1502.0
1446034910598789478,1028,1446034910597549915,robocape,1509.0,1497.0
1446034910660424019,1029,1446034910659018993,robocape,1509.0,1502.0
1446034910727311644,1030,1446034910725095033,robocape,1505.0,1502.0
1446034910792533144,1031,1446034910790828943,robocape,1513.0,1495.0
1446034910859753269,1032,1446034910858237028,robocape,1520.0,1495.0
1446034910923173769,1033,1446034910921844005,robocape,1516.0,1507.0
1446034910989614644,1034,1446034910987924098,robocape,1514.0,1518.0
1446034911059001144,1035,1446034911057627916,robocape,1530.0,1518.0
1446034911120330561,1036,1446034911119096994,robocape,1532.0,1537.0
1446034911191922019,1037,1446034911190018892,robocape,1531.0,1560.0
1446034911252917728,1038,1446034911250905990,robocape,1541.0,1585.0
1446034911319859603,1039,1446034911318536996,robocape,1557.0,1598.0
1446034911399784603,1040,1446034911398478031,robocape,1557.0,1610.0
1446034911466620936,1041,1446034911464936017,robocape,1560.0,1633.0
1446034911532431520,1042,1446034911530426025,robocape,1565.0,1633.0
1446034911599452311,1043,1446034911598114013,robocape,1562.0,1632.0
1446034911662994228,1044,1446034911661458969,robocape,1565.0,1639.0
1446034911729255853,1045,1446034911727494001,robocape,1570.0,1642.0
1446034911799156770,1046,1446034911797491073,robocape,1572.0,1648.0
1446034911859944895,1047,1446034911858611106,robocape,1566.0,1645.0
1446034911926459311,1048,1446034911924788951,robocape,1566.0,1652.0
1446034911992512228,1049,1446034911990466117,robocape,1573.0,1645.0
1446034912068239812,1050,1446034912062973022,robocape,1573.0,1620.0
1446034912122811603,1051,1446034912121473073,robocape,1568.0,1606.0
1446034912189742687,1052,1446034912187591075,robocape,1566.0,1604.0
1446034912258664812,1053,1446034912257397890,robocape,1573.0,1558.0
1446034912319996395,1054,1446034912318692922,robocape,1573.0,1507.0
1446034912386593270,1055,1446034912384864091,robocape,1565.0,1506.0
1446034912452924395,1056,1446034912451237916,robocape,1574.0,1506.0
1446034912520107728,1057,1446034912518877029,robocape,1582.0,1501.0
1446034912582925812,1058,1446034912581687927,robocape,1603.0,1527.0
1446034912650061520,1059,1446034912647996902,robocape,1603.0,1540.0
1446034912719053479,1060,1446034912717647075,robocape,1606.0,1552.0
1446034912780078770,1061,1446034912778836011,robocape,1604.0,1572.0
1446034912846568562,1062,1446034912844882011,robocape,1595.0,1594.0
1446034912912326937,1063,1446034912910626888,robocape,1593.0,1597.0
1446034912979513895,1064,1446034912978267908,robocape,1599.0,1590.0
1446034913042987437,1065,1446034913041667938,robocape,1598.0,1590.0
1446034913110042020,1066,1446034913107790946,robocape,1591.0,1597.0
1446034913179209229,1067,1446034913177890062,robocape,1591.0,1597.0
1446034913240198437,1068,1446034913238853931,robocape,1599.0,1590.0
1446034913306969062,1069,1446034913305299997,robocape,1591.0,1599.0
1446034913372870604,1070,1446034913371095895,robocape,1591.0,1606.0
1446034913440471062,1071,1446034913439204931,robocape,1599.0,1599.0
1446034913503063021,1072,1446034913501811027,robocape,1599.0,1599.0
1446034913569857187,1073,1446034913567959070,robocape,1591.0,1600.0
1446034913639433729,1074,1446034913637995958,robocape,1591.0,1607.0
1446034913700281646,1075,1446034913699043989,robocape,1598.0,1599.0
1446034913766761104,1076,1446034913765137910,robocape,1598.0,1599.0
1446034913832424229,1077,1446034913830749988,robocape,1591.0,1604.0
1446034913899348521,1078,1446034913898102045,robocape,1593.0,1590.0
1446034913963210396,1079,1446034913961846113,robocape,1599.0,1577.0
1446034914029662937,1080,1446034914027971982,robocape,1591.0,1569.0
1446034914099227063,1081,1446034914097883939,robocape,1593.0,1573.0
1446034914161879563,1082,1446034914160501956,robocape,1593.0,1557.0
1446034914226873688,1083,1446034914225169897,robocape,1598.0,1544.0
1446034914292628021,1084,1446034914290951013,robocape,1593.0,1530.0
1446034914359809729,1085,1446034914358458042,robocape,1593.0,1534.0
1446034914423232271,1086,1446034914421880006,robocape,1598.0,1523.0
1446034914490236688,1087,1446034914488339900,robocape,1599.0,1509.0
1446034914559270521,1088,1446034914558032989,robocape,1593.0,1507.0
1446034914620426813,1089,1446034914619102954,robocape,1591.0,1507.0
1446034914687289313,1090,1446034914685235977,robocape,1598.0,1498.0
1446034914752566355,1091,1446034914750873088,robocape,1576.0,1499.0
1446034914819715771,1092,1446034914818377971,robocape,1555.0,1505.0
1446034914883185105,1093,1446034914881863117,robocape,1548.0,1506.0
1446034914949982896,1094,1446034914947942018,robocape,1518.0,1498.0
1446034915019041480,1095,1446034915017705917,robocape,1516.0,1498.0
1446034915081363313,1096,1446034915080038070,robocape,1503.0,1505.0
1446034915150516313,1097,1446034915146584033,robocape,1429.0,1505.0
1446034915212632438,1098,1446034915210825920,robocape,1355.0,1497.0
1446034915280212521,1099,1446034915278920888,robocape,1351.0,1501.0
1446034915343239188,1100,1446034915341734886,robocape,1345.0,1467.0
1446034915410062063,1101,1446034915407948970,robocape,1346.0,1426.0
1446034915500356980,1102,1446034915489005088,robocape,1351.0,1421.0
1446034915556214438,1103,1446034915549942016,robocape,1351.0,1426.0
1446034915606904522,1104,1446034915605180978,robocape,1342.0,1426.0
1446034915672691688,1105,1446034915670677900,robocape,1346.0,1418.0
1446034915739878438,1106,1446034915738425016,robocape,1338.0,1377.0
1446034915811601272,1107,1446034915809947013,robocape,1338.0,1379.0
1446034915870271980,1108,1446034915868366003,robocape,1331.0,1376.0
1446034915935661855,1109,1446034915933629035,robocape,1338.0,1371.0
1446034916000321730,1110,1446034915998981952,robocape,1339.0,1411.0
1446034916066874813,1111,1446034916065140962,robocape,1331.0,1446.0
1446034916132909439,1112,1446034916131189107,robocape,1339.0,1452.0
1446034916200113730,1113,1446034916198873043,robocape,1338.0,1465.0
1446034916263382272,1114,1446034916262026071,robocape,1337.0,1476.0
1446034916330528605,1115,1446034916328850030,robocape,1327.0,1490.0
1446034916399104897,1116,1446034916397840023,robocape,1330.0,1497.0
1446034916460471939,1117,1446034916459146022,robocape,1325.0,1495.0
1446034916529137105,1118,1446034916527139902,robocape,1325.0,1502.0
1446034916609233689,1119,1446034916607547044,robocape,1338.0,1502.0
1446034916691530230,1120,1446034916689623117,robocape,1352.0,1495.0
1446034916778160772,1121,1446034916771773099,robocape,1371.0,1502.0
1446034916840439022,1122,1446034916839072942,robocape,1417.0,1502.0
1446034916905138522,1123,1446034916902981042,robocape,1497.0,1497.0
1446034916970893481,1124,1446034916969101905,robocape,1507.0,1498.0
1446034917039645939,1125,1446034917038404941,robocape,1502.0,1502.0
1446034917101498689,1126,1446034917100161075,robocape,1507.0,1497.0
1446034917167988064,1127,1446034917166310071,robocape,1509.0,1497.0
1446034917242188189,1128,1446034917240808010,robocape,1501.0,1502.0
1446034917300390356,1129,1446034917298902034,robocape,1502.0,1503.0
1446034917366146814,1130,1446034917363583087,robocape,1509.0,1495.0
1446034917431021981,1131,1446034917429182052,robocape,1498.0,1495.0
1446034917500542689,1132,1446034917499188899,robocape,1505.0,1503.0
1446034917561574606,1133,1446034917560308933,robocape,1505.0,1502.0
1446034917628113189,1134,1446034917626492023,robocape,1499.0,1497.0
1446034917693873564,1135,1446034917692033052,robocape,1507.0,1495.0
1446034917759581439,1136,1446034917758265018,robocape,1502.0,1503.0
1446034917825903481,1137,1446034917823805093,robocape,1510.0,1503.0
1446034917891358481,1138,1446034917889327049,robocape,1509.0,1497.0
1446034917973164689,1139,1446034917971458911,robocape,1502.0,1503.0
1446034918039491273,1140,1446034918038075923,robocape,1503.0,1502.0
1446034918104374564,1141,1446034918102509975,robocape,1511.0,1497.0
1446034918170280523,1142,1446034918168571949,robocape,1510.0,1497.0
1446034918239983440,1143,1446034918238600969,robocape,1505.0,1503.0
1446034918301127106,1144,1446034918299675941,robocape,1505.0,1502.0
1446034918367860856,1145,1446034918365880966,robocape,1511.0,1497.0
1446034918433266731,1146,1446034918431548118,robocape,1505.0,1503.0
1446034918499849065,1147,1446034918498512029,robocape,1505.0,1502.0
1446034918565104315,1148,1446034918562728881,robocape,1513.0,1497.0
1446034918630804773,1149,1446034918628756046,robocape,1511.0,1497.0
1446034918713004148,1150,1446034918710913896,robocape,1505.0,1503.0
1446034918780365648,1151,1446034918779134035,robocape,1503.0,1502.0
1446034918843415731,1152,1446034918842058897,robocape,1510.0,1497.0
1446034918909735148,1153,1446034918908058881,robocape,1507.0,1497.0
1446034918979195565,1154,1446034918977895975,robocape,1503.0,1502.0
1446034919040449898,1155,1446034919039125919,robocape,1510.0,1497.0
1446034919107028190,1156,1446034919105344057,robocape,1510.0,1497.0
1446034919172973148,1157,1446034919170919895,robocape,1505.0,1503.0
1446034919239874232,1158,1446034919238531112,robocape,1503.0,1502.0
1446034919303472232,1159,1446034919302053928,robocape,1510.0,1497.0
1446034919370113107,1160,1446034919368221998,robocape,1510.0,1497.0
1446034919439321732,1161,1446034919437798023,robocape,1503.0,1502.0
1446034919500626398,1162,1446034919499385118,robocape,1503.0,1503.0
1446034919567717023,1163,1446034919565587997,robocape,1511.0,1497.0
1446034919632848815,1164,1446034919631069898,robocape,1509.0,1495.0
1446034919700150857,1165,1446034919698729038,robocape,1503.0,1502.0
1446034919763448524,1166,1446034919762109994,robocape,1507.0,1503.0
1446034919830122399,1167,1446034919828242063,robocape,1511.0,1497.0
1446034919899396732,1168,1446034919898139953,robocape,1503.0,1501.0
1446034919960888857,1169,1446034919959292888,robocape,1505.0,1502.0
1446034920027430107,1170,1446034920025696992,robocape,1510.0,1497.0
1446034920093813899,1171,1446034920092093944,robocape,1510.0,1497.0
1446034920161474690,1172,1446034920160120010,robocape,1502.0,1502.0
1446034920223566482,1173,1446034920222249031,robocape,1502.0,1503.0
1446034920290015274,1174,1446034920288383007,robocape,1510.0,1495.0
1446034920359290816,1175,1446034920357944011,robocape,1511.0,1497.0
1446034920420827732,1176,1446034920419548988,robocape,1503.0,1502.0
1446034920487208482,1177,1446034920485497951,robocape,1505.0,1502.0
1446034920552927941,1178,1446034920551246881,robocape,1507.0,1497.0
1446034920619365524,1179,1446034920618020057,robocape,1503.0,1502.0
1446034920684102357,1180,1446034920682291984,robocape,1503.0,1503.0
1446034920750378441,1181,1446034920748470067,robocape,1511.0,1497.0
1446034920819758982,1182,1446034920818384885,robocape,1510.0,1495.0
1446034920880795357,1183,1446034920879476070,robocape,1503.0,1502.0
1446034920947718607,1184,1446034920945667028,robocape,1503.0,1502.0
1446034921013406566,1185,1446034921011341094,robocape,1509.0,1497.0
1446034921080004274,1186,1446034921078653097,robocape,1511.0,1497.0
1446034921146049149,1187,1446034921144624948,robocape,1503.0,1502.0
1446034921210135858,1188,1446034921208493947,robocape,1505.0,1503.0
1446034921279645524,1189,1446034921278151988,robocape,1511.0,1497.0
1446034921340852566,1190,1446034921339612960,robocape,1510.0,1502.0
1446034921407907899,1191,1446034921405834913,robocape,1505.0,1503.0
1446034921473484024,1192,1446034921471774101,robocape,1509.0,1497.0
1446034921539620358,1193,1446034921538146018,robocape,1513.0,1497.0
1446034921604683441,1194,1446034921602556943,robocape,1502.0,1502.0
1446034921670286066,1195,1446034921668582916,robocape,1503.0,1502.0
1446034921739781441,1196,1446034921734306097,robocape,1507.0,1498.0
1446034921801055025,1197,1446034921799644947,robocape,1510.0,1497.0
1446034921867444191,1198,1446034921865748882,robocape,1502.0,1503.0
1446034921933275858,1199,1446034921931586980,robocape,1503.0,1502.0
1446034922000300733,1200,1446034921998971939,robocape,1510.0,1495.0
1446034922064656066,1201,1446034922062555074,robocape,1510.0,1497.0
1446034922130656191,1202,1446034922128957033,robocape,1505.0,1502.0
1446034922199900441,1203,1446034922198266029,robocape,1511.0,1503.0
1446034922261144025,1204,1446034922259793996,robocape,1509.0,1495.0
1446034922327839816,1205,1446034922326158046,robocape,1503.0,1502.0
1446034922394588483,1206,1446034922391550064,robocape,1505.0,1503.0
1446034922459755650,1207,1446034922458493947,robocape,1510.0,1495.0
1446034922524863692,1208,1446034922522640943,robocape,1510.0,1497.0
1446034922590469983,1209,1446034922588763952,robocape,1505.0,1502.0
1446034922658831400,1210,1446034922655018091,robocape,1505.0,1503.0
1446034922721132150,1211,1446034922719824075,robocape,1511.0,1497.0
1446034922788090150,1212,1446034922786050081,robocape,1507.0,1497.0
1446034922853621983,1213,1446034922851761102,robocape,1505.0,1503.0
1446034922919786817,1214,1446034922918442964,robocape,1509.0,1502.0
1446034922984691275,1215,1446034922982717990,robocape,1509.0,1497.0
1446034923050579358,1216,1446034923048937082,robocape,1503.0,1502.0
1446034923119394442,1217,1446034923118052959,robocape,1503.0,1503.0
1446034923181252900,1218,1446034923179929018,robocape,1507.0,1497.0
1446034923247732109,1219,1446034923246038913,robocape,1510.0,1498.0
1446034923318231525,1220,1446034923312294960,robocape,1503.0,1505.0
1446034923379990275,1221,1446034923378705024,robocape,1503.0,1503.0
1446034923444925609,1222,1446034923442879915,robocape,1509.0,1497.0
1446034923511330317,1223,1446034923509562969,robocape,1509.0,1499.0
1446034923579769484,1224,1446034923578282117,robocape,1503.0,1506.0
1446034923641676025,1225,1446034923640341997,robocape,1503.0,1503.0
1446034923707743525,1226,1446034923706075906,robocape,1509.0,1497.0
1446034923775259067,1227,1446034923771908998,robocape,1505.0,1502.0
1446034923839957526,1228,1446034923838644027,robocape,1503.0,1502.0
1446034923905159942,1229,1446034923902908086,robocape,1510.0,1498.0
1446034923971080942,1230,1446034923969041109,robocape,1510.0,1498.0
1446034924039607026,1231,1446034924038264989,robocape,1505.0,1503.0
1446034924101396484,1232,1446034924100090980,robocape,1502.0,1503.0
1446034924168298859,1233,1446034924166570901,robocape,1513.0,1497.0
1446034924238122526,1234,1446034924232150077,robocape,1510.0,1497.0
1446034924299773317,1235,1446034924298434972,robocape,1502.0,1503.0
1446034924365958276,1236,1446034924363544940,robocape,1502.0,1503.0
1446034924431069151,1237,1446034924429239988,robocape,1509.0,1498.0
1446034924499687484,1238,1446034924498354911,robocape,1511.0,1499.0
1446034924561576984,1239,1446034924560272932,robocape,1505.0,1503.0
1446034924628001568,1240,1446034924626358985,robocape,1510.0,1498.0
1446034924693884484,1241,1446034924692212104,robocape,1509.0,1498.0
1446034924759578318,1242,1446034924758131980,robocape,1506.0,1503.0
1446034924825381026,1243,1446034924823668956,robocape,1503.0,1503.0
1446034924890985693,1244,1446034924889177083,robocape,1509.0,1498.0
1446034924962289484,1245,1446034924960155010,robocape,1509.0,1498.0
1446034925021602234,1246,1446034925020278930,robocape,1502.0,1505.0
1446034925088661609,1247,1446034925086473941,robocape,1502.0,1503.0
1446034925154744318,1248,1446034925152690887,robocape,1511.0,1497.0
1446034925221269360,1249,1446034925219938039,robocape,1510.0,1498.0
1446034925285736943,1250,1446034925283790111,robocape,1503.0,1503.0
1446034925351087068,1251,1446034925349389076,robocape,1509.0,1502.0
1446034925419853693,1252,1446034925418529987,robocape,1510.0,1497.0
1446034925481903610,1253,1446034925480397939,robocape,1503.0,1502.0
1446034925548247735,1254,1446034925546515941,robocape,1502.0,1503.0
1446034925618322360,1255,1446034925612504959,robocape,1511.0,1498.0
1446034925679846526,1256,1446034925678483009,robocape,1509.0,1497.0
1446034925745605735,1257,1446034925743854999,robocape,1505.0,1505.0
1446034925811290360,1258,1446034925809413909,robocape,1503.0,1503.0
1446034925879459526,1259,1446034925878110885,robocape,1509.0,1495.0
1446034925941803693,1260,1446034925940457105,robocape,1510.0,1498.0
1446034926008304693,1261,1446034926006560087,robocape,1502.0,1505.0
1446034926078228110,1262,1446034926072563886,robocape,1505.0,1503.0
1446034926146787485,1263,1446034926144900083,robocape,1511.0,1498.0
1446034926206027443,1264,1446034926204092979,robocape,1503.0,1503.0
1446034926271931818,1265,1446034926269746065,robocape,1505.0,1503.0
1446034926340324360,1266,1446034926339014053,robocape,1510.0,1498.0
1446034926401870860,1267,1446034926400543928,robocape,1507.0,1497.0
1446034926468403193,1268,1446034926466713905,robocape,1506.0,1503.0
1446034926534340360,1269,1446034926532582044,robocape,1505.0,1505.0
1446034926599874235,1270,1446034926598373889,robocape,1511.0,1498.0
1446034926665950985,1271,1446034926664208889,robocape,1511.0,1497.0
1446034926731257569,1272,1446034926729540109,robocape,1503.0,1503.0
1446034926799687652,1273,1446034926798389911,robocape,1505.0,1503.0
1446034926861981319,1274,1446034926860683917,robocape,1507.0,1497.0
1446034926928457735,1275,1446034926926739931,robocape,1511.0,1502.0
1446034926998472235,1276,1446034926992662906,robocape,1502.0,1503.0
1446034927059734902,1277,1446034927058495044,robocape,1510.0,1497.0
1446034927126266069,1278,1446034927124569892,robocape,1510.0,1498.0
1446034927191578485,1279,1446034927189691066,robocape,1505.0,1503.0
1446034927259957652,1280,1446034927258616924,robocape,1503.0,1503.0
1446034927322278694,1281,1446034927320813894,robocape,1510.0,1497.0
1446034927389056027,1282,1446034927386939048,robocape,1510.0,1498.0
1446034927458439319,1283,1446034927452599048,robocape,1503.0,1502.0
1446034927520436819,1284,1446034927518949031,robocape,1505.0,1503.0
1446034927586356652,1285,1446034927584350109,robocape,1510.0,1498.0
1446034927651802861,1286,1446034927649775981,robocape,1511.0,1497.0
1446034927720097569,1287,1446034927718760967,robocape,1506.0,1503.0
1446034927782134611,1288,1446034927780881881,robocape,1509.0,1495.0
1446034927848789527,1289,1446034927846990108,robocape,1510.0,1498.0
1446034927918578861,1290,1446034927912583112,robocape,1505.0,1503.0
1446034927999951527,1291,1446034927998630046,robocape,1502.0,1503.0
1446034928061452736,1292,1446034928060204982,robocape,1513.0,1498.0
1446034928127909403,1293,1446034928126288890,robocape,1514.0,1498.0
1446034928194026278,1294,1446034928192092895,robocape,1506.0,1503.0
1446034928259673653,1295,1446034928258349895,robocape,1510.0,1503.0
1446034928325730778,1296,1446034928323584079,robocape,1511.0,1497.0
1446034928391133944,1297,1446034928389218091,robocape,1507.0,1503.0
1446034928459610611,1298,1446034928458364009,robocape,1506.0,1503.0
1446034928521788444,1299,1446034928520245075,robocape,1511.0,1497.0
1446034928588214444,1300,1446034928586345911,robocape,1513.0,1498.0
1446034928653840403,1301,1446034928652138948,robocape,1506.0,1503.0
1446034928719922486,1302,1446034928718373060,robocape,1506.0,1505.0
1446034928785525195,1303,1446034928783778905,robocape,1511.0,1497.0
1446034928850968903,1304,1446034928849273920,robocape,1511.0,1497.0
1446034928919476570,1305,1446034928918119907,robocape,1506.0,1505.0
1446034928981884611,1306,1446034928980528116,robocape,1506.0,1505.0
1446034929048995820,1307,1446034929047126054,robocape,1513.0,1498.0
1446034929113814653,1308,1446034929112153053,robocape,1507.0,1503.0
1446034929179862861,1309,1446034929178519964,robocape,1506.0,1503.0
1446034929245931278,1310,1446034929243876934,robocape,1511.0,1498.0
1446034929311097320,1311,1446034929309397935,robocape,1511.0,1498.0
1446034929379639611,1312,1446034929378391981,robocape,1506.0,1503.0
1446034929441720153,1313,1446034929440421104,robocape,1506.0,1503.0
1446034929508302487,1314,1446034929506592988,robocape,1513.0,1497.0
1446034929578078778,1315,1446034929572349071,robocape,1513.0,1498.0
1446034929639654153,1316,1446034929638411045,robocape,1506.0,1502.0
1446034929705740778,1317,1446034929704025983,robocape,1505.0,1503.0
1446034929771255737,1318,1446034929769543886,robocape,1513.0,1497.0
1446034929840631945,1319,1446034929839365959,robocape,1513.0,1498.0
1446034929902012445,1320,1446034929900523900,robocape,1506.0,1505.0
1446034929968585195,1321,1446034929966696023,robocape,1511.0,1498.0
1446034930038159862,1322,1446034930032382011,robocape,1513.0,1497.0
1446034930099717028,1323,1446034930098361968,robocape,1506.0,1505.0
1446034930165975820,1324,1446034930164252042,robocape,1506.0,1503.0
1446034930231186362,1325,1446034930229489088,robocape,1513.0,1498.0
1446034930299731279,1326,1446034930298470973,robocape,1513.0,1497.0
1446034930361901029,1327,1446034930360656976,robocape,1506.0,1503.0
1446034930429155779,1328,1446034930427103996,robocape,1506.0,1503.0
1446034930498446862,1329,1446034930492615938,robocape,1511.0,1497.0
1446034930560822112,1330,1446034930559470891,robocape,1513.0,1498.0
1446034930626349487,1331,1446034930624623060,robocape,1506.0,1505.0
1446034930691524154,1332,1446034930689657926,robocape,1513.0,1505.0
1446034930760107820,1333,1446034930758739948,robocape,1513.0,1498.0
1446034930822411279,1334,1446034930820981025,robocape,1506.0,1503.0
1446034930888733529,1335,1446034930886939048,robocape,1505.0,1503.0
1446034930959031612,1336,1446034930952984094,robocape,1511.0,1497.0
1446034931019835362,1337,1446034931018476009,robocape,1513.0,1498.0
1446034931086714987,1338,1446034931084664106,robocape,1506.0,1503.0
1446034931154311987,1339,1446034931151913881,robocape,1505.0,1503.0
1446034931219486571,1340,1446034931218239068,robocape,1513.0,1498.0
1446034931282075237,1341,1446034931280833005,robocape,1513.0,1498.0
1446034931348914487,1342,1446034931347197055,robocape,1506.0,1503.0
1446034931418356321,1343,1446034931412574052,robocape,1506.0,1503.0
1446034931479662946,1344,1446034931478403091,robocape,1513.0,1497.0
1446034931546412113,1345,1446034931544625997,robocape,1505.0,1503.0
1446034931611574154,1346,1446034931609860897,robocape,1506.0,1503.0
1446034931679651613,1347,1446034931678319931,robocape,1513.0,1498.0
1446034931742217321,1348,1446034931740870952,robocape,1511.0,1498.0
1446034931808828404,1349,1446034931807156085,robocape,1505.0,1503.0
1446034931891351779,1350,1446034931889153957,robocape,1506.0,1503.0
1446034931959518821,1351,1446034931958148956,robocape,1511.0,1497.0
1446034932021527113,1352,1446034932020206928,robocape,1511.0,1498.0
1446034932088482446,1353,1446034932086325883,robocape,1506.0,1503.0
1446034932154141113,1354,1446034932152167081,robocape,1511.0,1497.0
1446034932219691155,1355,1446034932218442916,robocape,1511.0,1497.0
1446034932285440905,1356,1446034932283714056,robocape,1507.0,1503.0
1446034932351563863,1357,1446034932349359035,robocape,1506.0,1503.0
1446034932419505196,1358,1446034932418186902,robocape,1513.0,1497.0
1446034932481589321,1359,1446034932480355024,robocape,1513.0,1497.0
1446034932548152446,1360,1446034932546462059,robocape,1506.0,1505.0
1446034932617997488,1361,1446034932612340927,robocape,1506.0,1503.0
1446034932679904655,1362,1446034932678514957,robocape,1513.0,1497.0
1446034932745416446,1363,1446034932743674039,robocape,1513.0,1498.0
1446034932811223946,1364,1446034932809518098,robocape,1506.0,1503.0
1446034932879910738,1365,1446034932878647089,robocape,1513.0,1503.0
1446034932941711530,1366,1446034932940407991,robocape,1513.0,1497.0
1446034933008321447,1367,1446034933006445884,robocape,1506.0,1503.0
1446034933078210238,1368,1446034933072326898,robocape,1505.0,1505.0
1446034933147232072,1369,1446034933145008087,robocape,1511.0,1497.0
1446034933206484197,1370,1446034933204107999,robocape,1511.0,1498.0
1446034933272033072,1371,1446034933269484996,robocape,1506.0,1503.0
1446034933339949988,1372,1446034933338479042,robocape,1506.0,1503.0
1446034933401796322,1373,1446034933400465965,robocape,1511.0,1498.0
1446034933468338155,1374,1446034933466639041,robocape,1511.0,1497.0
1446034933538453030,1375,1446034933532710075,robocape,1506.0,1503.0
1446034933599798863,1376,1446034933598151922,robocape,1506.0,1503.0
1446034933665898655,1377,1446034933664185047,robocape,1513.0,1497.0
1446034933731970364,1378,1446034933729475021,robocape,1505.0,1503.0
1446034933799663364,1379,1446034933798418998,robocape,1505.0,1503.0
1446034933861893322,1380,1446034933860641956,robocape,1510.0,1497.0
1446034933928384864,1381,1446034933926654100,robocape,1511.0,1498.0
1446034933998539364,1382,1446034933992445945,robocape,1505.0,1505.0
1446034934059782239,1383,1446034934058410882,robocape,1505.0,1503.0
1446034934125907155,1384,1446034934124228000,robocape,1513.0,1498.0
1446034934191666697,1385,1446034934189626932,robocape,1513.0,1497.0
1446034934260070697,1386,1446034934258541107,robocape,1505.0,1503.0
1446034934321979489,1387,1446034934320657968,robocape,1506.0,1503.0
1446034934388468364,1388,1446034934386794090,robocape,1511.0,1498.0
1446034934454620197,1389,1446034934452857971,robocape,1513.0,1497.0
1446034934520583239,1390,1446034934518327951,robocape,1505.0,1503.0
1446034934586402531,1391,1446034934584403991,robocape,1513.0,1498.0
1446034934651717906,1392,1446034934649620056,robocape,1511.0,1497.0
1446034934721056406,1393,1446034934719698905,robocape,1506.0,1503.0
1446034934782118281,1394,1446034934780819892,robocape,1506.0,1503.0
1446034934848715822,1395,1446034934847071886,robocape,1511.0,1498.0
1446034934918515197,1396,1446034934912687063,robocape,1513.0,1498.0
1446034934979648531,1397,1446034934978400945,robocape,1505.0,1503.0
1446034935046496656,1398,1446034935044783115,robocape,1506.0,1503.0
1446034935112060906,1399,1446034935110007047,robocape,1513.0,1497.0
1446034935180453239,1400,1446034935179203987,robocape,1511.0,1497.0
1446034935242162989,1401,1446034935240829944,robocape,1506.0,1503.0
1446034935308672864,1402,1446034935306991100,robocape,1513.0,1501.0
1446034935378528239,1403,1446034935372721910,robocape,1511.0,1498.0
1446034935439999906,1404,1446034935438680887,robocape,1506.0,1503.0
1446034935505976739,1405,1446034935503962039,robocape,1505.0,1503.0
1446034935571628698,1406,1446034935569922924,robocape,1511.0,1498.0
1446034935639530114,1407,1446034935638166904,robocape,1511.0,1497.0
1446034935702495156,1408,1446034935701149940,robocape,1507.0,1503.0
1446034935769510448,1409,1446034935767237901,robocape,1507.0,1503.0
1446034935838763406,1410,1446034935832858085,robocape,1513.0,1498.0
1446034935901047781,1411,1446034935898772954,robocape,1513.0,1498.0
1446034935966729031,1412,1446034935964659929,robocape,1506.0,1503.0
1446034936031981865,1413,1446034936029912948,robocape,1513.0,1503.0
1446034936099627906,1414,1446034936098303079,robocape,1511.0,1498.0
1446034936165548698,1415,1446034936163690090,robocape,1506.0,1503.0
1446034936229183365,1416,1446034936227127075,robocape,1506.0,1503.0
1446034936299012156,1417,1446034936292932987,robocape,1513.0,1498.0
1446034936359982531,1418,1446034936358751058,robocape,1513.0,1498.0
1446034936426683948,1419,1446034936424664974,robocape,1506.0,1505.0
1446034936491829407,1420,1446034936490120887,robocape,1506.0,1503.0
1446034936559650198,1421,1446034936558258056,robocape,1513.0,1497.0
1446034936622636490,1422,1446034936621279954,robocape,1513.0,1497.0
1446034936689225740,1423,1446034936687540054,robocape,1506.0,1505.0
1446034936758649073,1424,1446034936757390022,robocape,1505.0,1503.0
1446034936820010365,1425,1446034936818638086,robocape,1513.0,1497.0
1446034936886461323,1426,1446034936884766101,robocape,1507.0,1503.0
1446034936951959407,1427,1446034936950079917,robocape,1505.0,1503.0
1446034937020049990,1428,1446034937018742084,robocape,1513.0,1497.0
1446034937082735948,1429,1446034937081468105,robocape,1511.0,1497.0
1446034937153097949,1430,1446034937148916006,robocape,1506.0,1503.0
1446034937218990824,1431,1446034937213124036,robocape,1506.0,1503.0
1446034937279743115,1432,1446034937278414011,robocape,1513.0,1498.0
1446034937346792407,1433,1446034937344692945,robocape,1513.0,1498.0
1446034937411967657,1434,1446034937410259008,robocape,1506.0,1503.0
1446034937479521115,1435,1446034937478267908,robocape,1505.0,1503.0
1446034937543262282,1436,1446034937541753053,robocape,1511.0,1497.0
1446034937609480240,1437,1446034937607741117,robocape,1513.0,1505.0
1446034937678747490,1438,1446034937677488088,robocape,1505.0,1503.0
1446034937739814532,1439,1446034937738487005,robocape,1511.0,1498.0
1446034937807718116,1440,1446034937805586099,robocape,1513.0,1498.0
1446034937872545616,1441,1446034937870480060,robocape,1505.0,1503.0
1446034937939672907,1442,1446034937938347101,robocape,1505.0,1503.0
1446034938002864616,1443,1446034938001455068,robocape,1513.0,1498.0
1446034938069285241,1444,1446034938067677974,robocape,1513.0,1498.0
1446034938145573157,1445,1446034938143723011,robocape,1506.0,1503.0
1446034938200875532,1446,1446034938199527978,robocape,1506.0,1505.0
1446034938266473657,1447,1446034938264741897,robocape,1511.0,1497.0
1446034938332121449,1448,1446034938330419063,robocape,1511.0,1498.0
1446034938399457282,1449,1446034938398217916,robocape,1505.0,1503.0
1446034938463003949,1450,1446034938461682081,robocape,1511.0,1498.0
1446034938529381866,1451,1446034938527594089,robocape,1513.0,1497.0
1446034938598842449,1452,1446034938597548007,robocape,1505.0,1503.0
1446034938659974533,1453,1446034938658674001,robocape,1506.0,1503.0
1446034938727017616,1454,1446034938724854946,robocape,1511.0,1497.0
1446034938792423824,1455,1446034938790710926,robocape,1511.0,1498.0
1446034938860365158,1456,1446034938859114885,robocape,1506.0,1503.0
1446034938923039241,1457,1446034938921627044,robocape,1505.0,1503.0
1446034938989333533,1458,1446034938987699985,robocape,1513.0,1497.0
1446034939058939658,1459,1446034939057579994,robocape,1514.0,1497.0
1446034939120879574,1460,1446034939119543075,robocape,1506.0,1503.0
1446034939186676241,1461,1446034939185054063,robocape,1507.0,1503.0
1446034939252505700,1462,1446034939250790119,robocape,1511.0,1498.0
1446034939320033325,1463,1446034939318691968,robocape,1506.0,1505.0
1446034939383270825,1464,1446034939381891012,robocape,1506.0,1503.0
1446034939449538950,1465,1446034939447834014,robocape,1511.0,1498.0
1446034939519783783,1466,1446034939518294095,robocape,1513.0,1497.0
1446034939580158908,1467,1446034939578850984,robocape,1506.0,1503.0
1446034939646796575,1468,1446034939645062923,robocape,1505.0,1505.0
1446034939712709908,1469,1446034939710701942,robocape,1511.0,1498.0
1446034939779806616,1470,1446034939778470039,robocape,1511.0,1497.0
1446034939843244033,1471,1446034939841788053,robocape,1506.0,1503.0
1446034939909940283,1472,1446034939908062934,robocape,1507.0,1505.0
1446034939979041867,1473,1446034939977699041,robocape,1511.0,1497.0
