%time,field.header.seq,field.header.stamp,field.header.frame_id,field.temperature,field.variance
1446034222015061983,1,1446034221841480970,robocape,1511.0,1495.0
1446034222015755899,2,1446034221904716014,robocape,1506.0,1502.0
1446034222024762608,3,1446034221971884012,robocape,1507.0,1502.0
1446034222043424441,4,1446034222040626049,robocape,1514.0,1497.0
1446034222103273066,5,1446034222101869106,robocape,1511.0,1497.0
1446034222168823066,6,1446034222167660951,robocape,1507.0,1503.0
1446034222235766524,7,1446034222233767032,robocape,1507.0,1503.0
1446034222300885483,8,1446034222299068927,robocape,1513.0,1497.0
1446034222366133899,9,1446034222364914894,robocape,1506.0,1503.0
1446034222432461816,10,1446034222430872917,robocape,1507.0,1503.0
1446034222497514983,11,1446034222496273040,robocape,1513.0,1497.0
1446034222563557441,12,1446034222562220096,robocape,1511.0,1583.0
1446034222630286108,13,1446034222628647089,robocape,1507.0,1707.0
1446034222694704233,14,1446034222693470954,robocape,1513.0,1645.0
1446034222760386358,15,1446034222759226083,robocape,1513.0,1497.0
1446034222826252441,16,1446034222824878931,robocape,1513.0,1495.0
1446034222893380691,17,1446034222892134904,robocape,1506.0,1473.0
1446034222957430608,18,1446034222956115007,robocape,1506.0,1297.0
1446034223023354191,19,1446034223022000074,robocape,1513.0,1287.0
1446034223093514775,20,1446034223092165946,robocape,1514.0,1484.0
1446034223154886358,21,1446034223153609037,robocape,1507.0,1545.0
1446034223220586066,22,1446034223219247102,robocape,1514.0,1523.0
1446034223287385108,23,1446034223285355091,robocape,1514.0,1497.0
1446034223352005483,24,1446034223350693941,robocape,1507.0,1503.0
1446034223417800442,25,1446034223416471958,robocape,1507.0,1505.0
1446034223484567567,26,1446034223482626914,robocape,1513.0,1499.0
1446034223549346442,27,1446034223548021078,robocape,1513.0,1583.0
1446034223615226858,28,1446034223613889932,robocape,1507.0,1639.0
1446034223682004983,29,1446034223680231094,robocape,1511.0,1625.0
1446034223746465858,30,1446034223745148897,robocape,1513.0,1625.0
1446034223812193483,31,1446034223810852050,robocape,1506.0,1573.0
1446034223878142608,32,1446034223876838922,robocape,1507.0,1551.0
1446034223943924067,33,1446034223942667961,robocape,1513.0,1586.0
1446034224015967650,34,1446034224014415025,robocape,1511.0,1687.0
1446034224075261067,35,1446034224074016094,robocape,1507.0,1767.0
1446034224144530609,36,1446034224143044948,robocape,1513.0,1763.0
1446034224206697150,37,1446034224205359935,robocape,1514.0,1763.0
1446034224272175150,38,1446034224270917892,robocape,1513.0,1636.0
1446034224342637275,39,1446034224341389894,robocape,1506.0,1505.0
1446034224403725609,40,1446034224402342081,robocape,1507.0,1502.0
1446034224469408484,41,1446034224468121051,robocape,1513.0,1497.0
1446034224535901817,42,1446034224534198045,robocape,1514.0,1497.0
1446034224600791525,43,1446034224599545955,robocape,1507.0,1503.0
1446034224666570859,44,1446034224665299892,robocape,1507.0,1502.0
1446034224748882609,45,1446034224747512102,robocape,1518.0,1497.0
1446034224815019526,46,1446034224813667058,robocape,1583.0,1505.0
1446034224881230401,47,1446034224879533052,robocape,1620.0,1505.0
1446034224946219859,48,1446034224944967031,robocape,1640.0,1501.0
1446034225016135026,49,1446034225014755964,robocape,1636.0,1524.0
1446034225078081942,50,1446034225076170921,robocape,1623.0,1531.0
1446034225143554567,51,1446034225142276048,robocape,1610.0,1531.0
1446034225209018692,52,1446034225207653999,robocape,1615.0,1536.0
1446034225274772567,53,1446034225273426055,robocape,1610.0,1599.0
1446034225343664942,54,1446034225342318058,robocape,1608.0,1618.0
1446034225406469276,55,1446034225404995918,robocape,1611.0,1674.0
1446034225472099818,56,1446034225470752000,robocape,1603.0,1704.0
1446034225542535984,57,1446034225541186094,robocape,1604.0,1763.0
1446034225603956026,58,1446034225602619886,robocape,1610.0,1770.0
1446034225669517484,59,1446034225668148040,robocape,1607.0,1792.0
1446034225735909818,60,1446034225734116077,robocape,1597.0,1795.0
1446034225800796693,61,1446034225799447059,robocape,1597.0,1807.0
1446034225866517818,62,1446034225865180969,robocape,1602.0,1799.0
1446034225933400109,63,1446034225931313991,robocape,1595.0,1809.0
1446034225997993234,64,1446034225996630907,robocape,1595.0,1813.0
1446034226063774151,65,1446034226062407970,robocape,1603.0,1818.0
1446034226146070901,66,1446034226144587993,robocape,1607.0,1831.0
1446034226211638151,67,1446034226210355997,robocape,1624.0,1855.0
1446034226277963568,68,1446034226276063919,robocape,1624.0,1863.0
1446034226359525485,69,1446034226358190059,robocape,1635.0,1855.0
1446034226425251443,70,1446034226423857927,robocape,1629.0,1834.0
1446034226493477526,71,1446034226492119073,robocape,1636.0,1759.0
1446034226556599568,72,1446034226555247068,robocape,1636.0,1762.0
1446034226622812651,73,1446034226620958089,robocape,1645.0,1688.0
1446034226693192610,74,1446034226691740036,robocape,1674.0,1591.0
1446034226753584318,75,1446034226752253055,robocape,1670.0,1513.0
1446034226819438985,76,1446034226818171024,robocape,1673.0,1505.0
1446034226886147110,77,1446034226884078025,robocape,1678.0,1498.0
1446034226950769568,78,1446034226949430942,robocape,1678.0,1497.0
1446034227016553485,79,1446034227015269041,robocape,1671.0,1505.0
1446034227083461943,80,1446034227081434011,robocape,1669.0,1573.0
1446034227148127443,81,1446034227146773099,robocape,1671.0,1684.0
1446034227213970152,82,1446034227212706089,robocape,1665.0,1709.0
1446034227280554652,83,1446034227278858900,robocape,1670.0,1839.0
1446034227345490777,84,1446034227344126939,robocape,1671.0,1751.0
1446034227411133818,85,1446034227409858942,robocape,1666.0,1686.0
1446034227476942152,86,1446034227475567102,robocape,1662.0,1688.0
1446034227543387443,87,1446034227542032957,robocape,1661.0,1694.0
1446034227608129569,88,1446034227606755018,robocape,1666.0,1666.0
1446034227673878027,89,1446034227672313928,robocape,1666.0,1484.0
1446034227743275402,90,1446034227741998910,robocape,1656.0,1396.0
1446034227804953527,91,1446034227803613901,robocape,1656.0,1287.0
1446034227870583194,92,1446034227869257926,robocape,1652.0,1222.0
1446034227937198819,93,1446034227935489892,robocape,1658.0,1157.0
1446034228002170860,94,1446034228000832080,robocape,1658.0,1162.0
1446034228067871860,95,1446034228066531896,robocape,1650.0,1167.0
1446034228134560402,96,1446034228132834911,robocape,1650.0,1303.0
1446034228199612985,97,1446034228198282003,robocape,1658.0,1373.0
1446034228265278902,98,1446034228263951063,robocape,1652.0,1425.0
1446034228332496861,99,1446034228330671072,robocape,1650.0,1503.0
1446034228396923819,100,1446034228395391941,robocape,1658.0,1497.0
1446034228462449111,101,1446034228461126089,robocape,1652.0,1502.0
1446034228529179986,102,1446034228527425050,robocape,1650.0,1503.0
1446034228593752319,103,1446034228592441082,robocape,1649.0,1418.0
1446034228659367444,104,1446034228658130884,robocape,1653.0,1321.0
1446034228725136902,105,1446034228723829030,robocape,1646.0,1299.0
1446034228793440111,106,1446034228792093038,robocape,1646.0,1296.0
1446034228856585402,107,1446034228855333089,robocape,1644.0,1296.0
1446034228922356611,108,1446034228921014070,robocape,1650.0,1289.0
1446034228992623611,109,1446034228991276979,robocape,1644.0,1292.0
1446034229053773778,110,1446034229052522897,robocape,1641.0,1293.0
1446034229119578319,111,1446034229118272066,robocape,1648.0,1322.0
1446034229185987778,112,1446034229184282064,robocape,1649.0,1364.0
1446034229251071569,113,1446034229249727010,robocape,1642.0,1317.0
1446034229316719403,114,1446034229315395116,robocape,1644.0,1310.0
1446034229383168194,115,1446034229381474971,robocape,1649.0,1288.0
1446034229448196528,116,1446034229446868896,robocape,1649.0,1284.0
1446034229513873194,117,1446034229512516021,robocape,1642.0,1267.0
1446034229580921319,118,1446034229578658103,robocape,1642.0,1266.0
1446034229645289694,119,1446034229644045114,robocape,1648.0,1259.0
1446034229711036361,120,1446034229709700107,robocape,1641.0,1262.0
1446034229776765570,121,1446034229775423049,robocape,1642.0,1261.0
1446034229844383403,122,1446034229843144893,robocape,1641.0,1261.0
1446034229908213278,123,1446034229906872987,robocape,1645.0,1241.0
1446034229973951361,124,1446034229972603082,robocape,1639.0,1238.0
1446034230043755986,125,1446034230042495012,robocape,1640.0,1233.0
1446034230105527486,126,1446034230104017972,robocape,1644.0,1217.0
1446034230171046903,127,1446034230169766902,robocape,1645.0,1211.0
1446034230242192278,128,1446034230236095905,robocape,1640.0,1208.0
1446034230302949361,129,1446034230301572084,robocape,1636.0,1183.0
1446034230368279903,130,1446034230367017030,robocape,1639.0,1178.0
1446034230435059028,131,1446034230433166980,robocape,1625.0,1306.0
1446034230500145612,132,1446034230498785018,robocape,1603.0,1362.0
1446034230566453820,133,1446034230565120935,robocape,1583.0,1495.0
1446034230632480903,134,1446034230630799055,robocape,1577.0,1497.0
1446034230697059487,135,1446034230695738077,robocape,1548.0,1502.0
1446034230762771153,136,1446034230761478900,robocape,1528.0,1503.0
1446034230829859445,137,1446034230828018903,robocape,1515.0,1497.0
1446034230894212903,138,1446034230892888069,robocape,1510.0,1502.0
1446034230976420278,139,1446034230975060939,robocape,1507.0,1503.0
1446034231043418070,140,1446034231042073965,robocape,1514.0,1497.0
1446034231108221029,141,1446034231106502056,robocape,1514.0,1497.0
1446034231173642779,142,1446034231172238111,robocape,1507.0,1503.0
1446034231243108195,143,1446034231241872072,robocape,1507.0,1502.0
1446034231305332279,144,1446034231303993940,robocape,1514.0,1497.0
1446034231370926945,145,1446034231369435071,robocape,1513.0,1497.0
1446034231441561362,146,1446034231435542106,robocape,1532.0,1503.0
1446034231502351404,147,1446034231500958919,robocape,1539.0,1503.0
1446034231567943279,148,1446034231566615104,robocape,1516.0,1497.0
1446034231634432904,149,1446034231632736921,robocape,1509.0,1503.0
1446034231699279862,150,1446034231697967052,robocape,1501.0,1502.0
1446034231764956612,151,1446034231763611078,robocape,1401.0,1495.0
1446034231831131654,152,1446034231829494953,robocape,1238.0,1497.0
1446034231896152279,153,1446034231894839048,robocape,1107.0,1503.0
1446034231961875737,154,1446034231960604906,robocape,1108.0,1502.0
1446034232028625987,155,1446034232026304960,robocape,1112.0,1497.0
1446034232093430737,156,1446034232092087984,robocape,1115.0,1495.0
1446034232159077071,157,1446034232157810926,robocape,1116.0,1502.0
1446034232224966779,158,1446034232223485946,robocape,1110.0,1502.0
1446034232293737196,159,1446034232292505025,robocape,1119.0,1495.0
1446034232356351529,160,1446034232355000019,robocape,1120.0,1503.0
1446034232421998737,161,1446034232420655965,robocape,1121.0,1502.0
1446034232488413613,162,1446034232486731052,robocape,1123.0,1495.0
1446034232553815321,163,1446034232552186965,robocape,1123.0,1497.0
1446034232619304863,164,1446034232617847919,robocape,1123.0,1503.0
1446034232685644571,165,1446034232683954954,robocape,1124.0,1502.0
1446034232750640404,166,1446034232749361991,robocape,1167.0,1497.0
1446034232816663988,167,1446034232815232038,robocape,1175.0,1497.0
1446034232883214529,168,1446034232881431102,robocape,1358.0,1502.0
1446034232948194529,169,1446034232946937084,robocape,1493.0,1503.0
1446034233017204529,170,1446034233012639045,robocape,1527.0,1497.0
1446034233080530029,171,1446034233078833103,robocape,1527.0,1495.0
1446034233145351029,172,1446034233144103050,robocape,1519.0,1502.0
1446034233211434363,173,1446034233210115909,robocape,1526.0,1497.0
1446034233343930863,174,1446034233342329025,robocape,1526.0,1495.0
1446034233474082655,175,1446034233472734928,robocape,1519.0,1502.0
1446034233556255363,176,1446034233554919004,robocape,1535.0,1499.0
1446034233622031071,177,1446034233620776891,robocape,1553.0,1539.0
1446034233787240113,178,1446034233785542011,robocape,1572.0,1591.0
1446034233918060072,179,1446034233916626930,robocape,1578.0,1711.0
1446034234083217322,180,1446034234081171035,robocape,1604.0,1683.0
1446034234147878280,181,1446034234146539926,robocape,1642.0,1513.0
1446034234213707405,182,1446034234212414026,robocape,1660.0,1497.0
1446034234280228488,183,1446034234278589963,robocape,1688.0,1497.0
1446034234345387572,184,1446034234343765974,robocape,1707.0,1502.0
1446034234410679697,185,1446034234409387111,robocape,1629.0,1502.0
1446034234476656238,186,1446034234475321054,robocape,1597.0,1505.0
1446034234543438988,187,1446034234542092084,robocape,1577.0,1586.0
1446034234608163447,188,1446034234606761932,robocape,1577.0,1641.0
1446034234673778030,189,1446034234672437906,robocape,1560.0,1682.0
1446034234743147239,190,1446034234741887092,robocape,1535.0,1729.0
1446034234805258947,191,1446034234803997993,robocape,1555.0,1797.0
1446034234871066989,192,1446034234869709968,robocape,1558.0,1758.0
1446034234939151614,193,1446034234935735940,robocape,1561.0,1749.0
1446034235002281864,194,1446034235000963926,robocape,1555.0,1644.0
1446034235067957489,195,1446034235066626071,robocape,1553.0,1536.0
1446034235134502905,196,1446034235132797956,robocape,1553.0,1503.0
1446034235199765405,197,1446034235198261976,robocape,1569.0,1497.0
1446034235265736031,198,1446034235263844966,robocape,1572.0,1501.0
1446034235331762406,199,1446034235330096006,robocape,1569.0,1520.0
1446034235396624322,200,1446034235395277023,robocape,1569.0,1503.0
1446034235462275239,201,1446034235460946083,robocape,1564.0,1492.0
1446034235529136989,202,1446034235527380943,robocape,1565.0,1442.0
1446034235593730072,203,1446034235592406034,robocape,1570.0,1434.0
1446034235659683072,204,1446034235658205986,robocape,1590.0,1448.0
1446034235725377822,205,1446034235723958015,robocape,1597.0,1460.0
1446034235793125239,206,1446034235791774034,robocape,1590.0,1468.0
1446034235856644906,207,1446034235855380058,robocape,1591.0,1467.0
1446034235922795489,208,1446034235921084880,robocape,1597.0,1461.0
1446034235992727698,209,1446034235991390943,robocape,1597.0,1463.0
1446034236053888823,210,1446034236052627086,robocape,1590.0,1503.0
1446034236119922864,211,1446034236118621110,robocape,1590.0,1514.0
1446034236186280281,212,1446034236184577941,robocape,1595.0,1640.0
1446034236251314281,213,1446034236249964952,robocape,1590.0,1660.0
1446034236316894448,214,1446034236315596103,robocape,1589.0,1666.0
1446034236383291948,215,1446034236381623983,robocape,1594.0,1611.0
1446034236448576573,216,1446034236447077989,robocape,1591.0,1581.0
1446034236514046906,217,1446034236512717962,robocape,1585.0,1587.0
1446034236580577989,218,1446034236578886032,robocape,1586.0,1587.0
1446034236645407198,219,1446034236644172906,robocape,1590.0,1509.0
1446034236728364531,220,1446034236726321935,robocape,1590.0,1495.0
1446034236809690073,221,1446034236808440923,robocape,1582.0,1503.0
1446034236893524240,222,1446034236892170906,robocape,1589.0,1497.0
1446034236957638615,223,1446034236956376075,robocape,1589.0,1499.0
1446034237043406281,224,1446034237042071104,robocape,1594.0,1505.0
1446034237105545573,225,1446034237104218959,robocape,1606.0,1505.0
1446034237171382781,226,1446034237169995069,robocape,1620.0,1499.0
1446034237241871656,227,1446034237236141920,robocape,1637.0,1505.0
1446034237303124073,228,1446034237301511049,robocape,1636.0,1505.0
1446034237368532407,229,1446034237367181062,robocape,1621.0,1499.0
1446034237435400865,230,1446034237433363914,robocape,1620.0,1498.0
1446034237499882198,231,1446034237498569965,robocape,1612.0,1505.0
1446034237568692698,232,1446034237567337989,robocape,1610.0,1503.0
1446034237632635157,233,1446034237630539894,robocape,1612.0,1497.0
1446034237697164740,234,1446034237695808887,robocape,1606.0,1503.0
1446034237763113490,235,1446034237761775016,robocape,1606.0,1561.0
1446034237830658698,236,1446034237828965902,robocape,1611.0,1607.0
1446034237894371573,237,1446034237893059015,robocape,1611.0,1608.0
1446034237960064823,238,1446034237958820104,robocape,1606.0,1607.0
1446034238026001823,239,1446034238024559020,robocape,1606.0,1590.0
1446034238107975740,240,1446034238106654882,robocape,1610.0,1568.0
1446034238173827490,241,1446034238172478914,robocape,1602.0,1548.0
1446034238243728282,242,1446034238242398023,robocape,1603.0,1555.0
1446034238342800199,243,1446034238341545104,robocape,1603.0,1544.0
1446034238420236532,244,1446034238418742895,robocape,1611.0,1505.0
1446034238486893990,245,1446034238484859943,robocape,1603.0,1511.0
1446034238551547407,246,1446034238550304889,robocape,1604.0,1511.0
1446034238617288532,247,1446034238615955114,robocape,1610.0,1505.0
1446034238684430615,248,1446034238682210922,robocape,1606.0,1505.0
1446034238748703074,249,1446034238747450113,robocape,1606.0,1514.0
1446034238814579866,250,1446034238813102006,robocape,1611.0,1503.0
1446034238881239532,251,1446034238879336118,robocape,1611.0,1497.0
1446034238945862782,252,1446034238944534063,robocape,1604.0,1497.0
1446034239015917991,253,1446034239014400959,robocape,1604.0,1453.0
1446034239077870741,254,1446034239076035976,robocape,1611.0,1446.0
1446034239144092657,255,1446034239142756938,robocape,1610.0,1460.0
1446034239208841991,256,1446034239207479000,robocape,1604.0,1501.0
1446034239274506116,257,1446034239273257970,robocape,1603.0,1502.0
1446034239343471532,258,1446034239342139959,robocape,1610.0,1495.0
1446034239422424157,259,1446034239421096086,robocape,1604.0,1499.0
1446034239493199283,260,1446034239491954088,robocape,1602.0,1527.0
1446034239570364574,261,1446034239569051027,robocape,1611.0,1551.0
1446034239652467616,262,1446034239651160955,robocape,1602.0,1551.0
1446034239736156574,263,1446034239734318971,robocape,1604.0,1534.0
1446034239800453741,264,1446034239799092054,robocape,1610.0,1528.0
1446034239866236616,265,1446034239864940881,robocape,1610.0,1528.0
1446034239933082574,266,1446034239931332111,robocape,1603.0,1534.0
1446034239997638241,267,1446034239996253013,robocape,1603.0,1543.0
1446034240063290033,268,1446034240062038898,robocape,1608.0,1536.0
1446034240130362199,269,1446034240128472089,robocape,1604.0,1535.0
1446034240195099991,270,1446034240193747997,robocape,1604.0,1502.0
1446034240260417616,271,1446034240259160041,robocape,1604.0,1502.0
1446034240326167241,272,1446034240324820041,robocape,1608.0,1495.0
1446034240393646700,273,1446034240392390966,robocape,1603.0,1495.0
1446034240457729950,274,1446034240456497907,robocape,1604.0,1485.0
1446034240523324741,275,1446034240521985054,robocape,1608.0,1478.0
1446034240593501575,276,1446034240591797113,robocape,1608.0,1436.0
1446034240654661700,277,1446034240653373956,robocape,1603.0,1408.0
1446034240720494450,278,1446034240719173908,robocape,1603.0,1414.0
1446034240789043575,279,1446034240785384893,robocape,1610.0,1468.0
1446034240852056408,280,1446034240850687980,robocape,1608.0,1494.0
1446034240917715825,281,1446034240916372060,robocape,1603.0,1503.0
1446034240984265908,282,1446034240982594013,robocape,1602.0,1503.0
1446034241049184617,283,1446034241047863006,robocape,1608.0,1498.0
1446034241115179742,284,1446034241113804101,robocape,1602.0,1509.0
1446034241181523533,285,1446034241179811954,robocape,1603.0,1520.0
1446034241246374492,286,1446034241245055913,robocape,1607.0,1520.0
1446034241312080033,287,1446034241310750007,robocape,1608.0,1511.0
1446034241378637492,288,1446034241376564979,robocape,1602.0,1515.0
1446034241448200367,289,1446034241446899890,robocape,1621.0,1505.0
1446034241509281992,290,1446034241507952928,robocape,1628.0,1499.0
1446034241575050950,291,1446034241573785066,robocape,1629.0,1499.0
1446034241643860950,292,1446034241642477989,robocape,1662.0,1505.0
1446034241706492075,293,1446034241705157995,robocape,1662.0,1506.0
1446034241772233825,294,1446034241770972013,robocape,1667.0,1499.0
1446034241843168534,295,1446034241836949110,robocape,1660.0,1499.0
1446034241903705034,296,1446034241902362108,robocape,1661.0,1503.0
1446034241969458284,297,1446034241968189954,robocape,1654.0,1505.0
1446034242036418950,298,1446034242034698009,robocape,1660.0,1498.0
1446034242101251034,299,1446034242099895000,robocape,1654.0,1499.0
1446034242166622659,300,1446034242165313959,robocape,1656.0,1505.0
1446034242233302117,301,1446034242231623888,robocape,1658.0,1499.0
1446034242298024367,302,1446034242296768903,robocape,1660.0,1499.0
1446034242363761701,303,1446034242362442016,robocape,1650.0,1514.0
1446034242430264784,304,1446034242428550004,robocape,1648.0,1524.0
1446034242495210992,305,1446034242493971109,robocape,1652.0,1506.0
1446034242561107701,306,1446034242559633016,robocape,1649.0,1499.0
1446034242626656117,307,1446034242625334024,robocape,1644.0,1506.0
1446034242693325117,308,1446034242691916942,robocape,1644.0,1505.0
1446034242758107159,309,1446034242756783008,robocape,1649.0,1498.0
1446034242823842909,310,1446034242822504043,robocape,1644.0,1497.0
1446034242893139617,311,1446034242891799926,robocape,1642.0,1489.0
1446034242955279326,312,1446034242953944921,robocape,1642.0,1471.0
1446034243021142701,313,1446034243019773006,robocape,1648.0,1453.0
1446034243091603618,314,1446034243085897922,robocape,1641.0,1461.0
1446034243152458243,315,1446034243151133060,robocape,1641.0,1460.0
1446034243218487909,316,1446034243216877937,robocape,1648.0,1465.0
1446034243284881326,317,1446034243283195018,robocape,1648.0,1495.0
1446034243349678034,318,1446034243348341941,robocape,1641.0,1502.0
1446034243415432159,319,1446034243414052009,robocape,1642.0,1502.0
1446034243481981326,320,1446034243480273008,robocape,1646.0,1497.0
1446034243547337534,321,1446034243545911073,robocape,1641.0,1497.0
1446034243612621243,322,1446034243611272096,robocape,1641.0,1503.0
1446034243679659410,323,1446034243677709102,robocape,1642.0,1502.0
1446034243744053951,324,1446034243742701053,robocape,1648.0,1497.0
1446034243809730326,325,1446034243808473110,robocape,1642.0,1497.0
1446034243875476035,326,1446034243874169111,robocape,1642.0,1503.0
1446034243943789285,327,1446034243942445993,robocape,1654.0,1495.0
1446034244014061076,328,1446034244005680084,robocape,1661.0,1497.0
1446034244072670285,329,1446034244071360111,robocape,1653.0,1502.0
1446034244143377326,330,1446034244142122983,robocape,1653.0,1502.0
1446034244204115076,331,1446034244202857971,robocape,1658.0,1495.0
1446034244270020160,332,1446034244268542051,robocape,1652.0,1495.0
1446034244336611076,333,1446034244334678888,robocape,1650.0,1501.0
1446034244401299493,334,1446034244400052070,robocape,1650.0,1495.0
1446034244467192452,335,1446034244465693950,robocape,1657.0,1489.0
1446034244533523160,336,1446034244531805038,robocape,1652.0,1489.0
1446034244598546077,337,1446034244597218990,robocape,1650.0,1503.0
1446034244664271327,338,1446034244662950038,robocape,1654.0,1506.0
1446034244730888160,339,1446034244729062080,robocape,1654.0,1539.0
1446034244795699952,340,1446034244794437885,robocape,1649.0,1545.0
1446034244861537827,341,1446034244860213994,robocape,1649.0,1530.0
1446034244927197285,342,1446034244925815105,robocape,1654.0,1520.0
1446034244993306868,343,1446034244992050886,robocape,1649.0,1522.0
1446034245058619744,344,1446034245057296991,robocape,1648.0,1527.0
1446034245124457702,345,1446034245123018026,robocape,1649.0,1522.0
1446034245193603452,346,1446034245192261934,robocape,1656.0,1499.0
1446034245255748285,347,1446034245254440069,robocape,1648.0,1497.0
1446034245353648827,348,1446034245345748901,robocape,1649.0,1501.0
1446034245403770577,349,1446034245402460098,robocape,1653.0,1465.0
1446034245469476869,350,1446034245468169927,robocape,1652.0,1439.0
1446034245535799660,351,1446034245534110069,robocape,1648.0,1443.0
1446034245612516035,352,1446034245606301069,robocape,1645.0,1418.0
1446034245666460869,353,1446034245665147066,robocape,1652.0,1413.0
1446034245736283410,354,1446034245734570026,robocape,1653.0,1426.0
1446034245797899494,355,1446034245796668052,robocape,1646.0,1436.0
1446034245863673286,356,1446034245862349033,robocape,1646.0,1438.0
1446034245930239827,357,1446034245928529024,robocape,1653.0,1442.0
1446034245995292369,358,1446034245993889093,robocape,1645.0,1457.0
1446034246060930036,359,1446034246059604883,robocape,1648.0,1477.0
1446034246126772036,360,1446034246125328063,robocape,1652.0,1503.0
1446034246194491619,361,1446034246193259954,robocape,1653.0,1495.0
1446034246258119244,362,1446034246256787061,robocape,1648.0,1503.0
1446034246323831536,363,1446034246322487115,robocape,1646.0,1502.0
1446034246406127411,364,1446034246404808044,robocape,1653.0,1497.0
1446034246493904286,365,1446034246492543935,robocape,1646.0,1497.0
1446034246570476953,366,1446034246568996906,robocape,1648.0,1503.0
1446034246636813411,367,1446034246635142087,robocape,1654.0,1497.0
1446034246701801411,368,1446034246700485944,robocape,1646.0,1498.0
1446034246767499869,369,1446034246766168117,robocape,1648.0,1502.0
1446034246835676036,370,1446034246833944082,robocape,1648.0,1503.0
1446034246898884661,371,1446034246897595882,robocape,1654.0,1494.0
1446034246964635411,372,1446034246963303089,robocape,1648.0,1459.0
1446034247032583244,373,1446034247029493093,robocape,1646.0,1461.0
1446034247112477161,374,1446034247111222028,robocape,1652.0,1457.0
1446034247179671620,375,1446034247177597045,robocape,1652.0,1459.0
1446034247243974745,376,1446034247242626905,robocape,1646.0,1464.0
1446034247309675328,377,1446034247308440923,robocape,1645.0,1463.0
1446034247375447370,378,1446034247374120950,robocape,1650.0,1457.0
1446034247443183370,379,1446034247441855907,robocape,1645.0,1457.0
1446034247507008953,380,1446034247505629062,robocape,1644.0,1468.0
1446034247572789870,381,1446034247571295976,robocape,1646.0,1473.0
1446034247643001911,382,1446034247641669034,robocape,1652.0,1468.0
1446034247704015203,383,1446034247702780961,robocape,1645.0,1468.0
1446034247769805536,384,1446034247768461942,robocape,1645.0,1473.0
1446034247836276120,385,1446034247834597110,robocape,1645.0,1473.0
1446034247901230953,386,1446034247899997949,robocape,1652.0,1468.0
1446034247966994703,387,1446034247965653896,robocape,1645.0,1464.0
1446034248033781245,388,1446034248031708955,robocape,1644.0,1463.0
1446034248098449995,389,1446034248097182035,robocape,1649.0,1459.0
1446034248164156953,390,1446034248162828922,robocape,1650.0,1460.0
1446034248231017245,391,1446034248229132890,robocape,1645.0,1464.0
1446034248295636578,392,1446034248294356107,robocape,1644.0,1465.0
1446034248361480203,393,1446034248360137939,robocape,1652.0,1461.0
1446034248427491495,394,1446034248425771951,robocape,1645.0,1465.0
1446034248493164995,395,1446034248491928100,robocape,1649.0,1473.0
1446034248558692829,396,1446034248557229042,robocape,1649.0,1473.0
1446034248624326162,397,1446034248622967004,robocape,1654.0,1468.0
1446034248693212995,398,1446034248691879987,robocape,1648.0,1474.0
1446034248755851162,399,1446034248754524946,robocape,1648.0,1474.0
1446034248821809412,400,1446034248820493936,robocape,1656.0,1472.0
1446034248892260079,401,1446034248886219024,robocape,1654.0,1476.0
1446034248952885120,402,1446034248951581001,robocape,1650.0,1484.0
1446034249019288995,403,1446034249017425060,robocape,1648.0,1484.0
1446034249085087079,404,1446034249083440065,robocape,1654.0,1488.0
1446034249150108370,405,1446034249148776054,robocape,1649.0,1489.0
1446034249215812204,406,1446034249214567899,robocape,1648.0,1495.0
1446034249282340954,407,1446034249280704975,robocape,1649.0,1494.0
1446034249347310829,408,1446034249345963001,robocape,1654.0,1489.0
1446034249413174037,409,1446034249411746025,robocape,1648.0,1495.0
1446034249480118162,410,1446034249478435993,robocape,1649.0,1495.0
1446034249544501496,411,1446034249543159961,robocape,1653.0,1488.0
1446034249610222996,412,1446034249608958005,robocape,1654.0,1481.0
1446034249675949996,413,1446034249674581050,robocape,1648.0,1484.0
1446034249743370371,414,1446034249742114067,robocape,1648.0,1481.0
1446034249807318579,415,1446034249806087970,robocape,1653.0,1471.0
1446034249873182204,416,1446034249871845960,robocape,1650.0,1471.0
1446034249943148663,417,1446034249941811084,robocape,1648.0,1478.0
1446034250004489163,418,1446034250003245115,robocape,1649.0,1471.0
1446034250070265954,419,1446034250068938016,robocape,1653.0,1463.0
1446034250137342746,420,1446034250135154008,robocape,1648.0,1460.0
1446034250201661454,421,1446034250200392007,robocape,1646.0,1465.0
1446034250267502663,422,1446034250266125917,robocape,1648.0,1465.0
1446034250333945496,423,1446034250332246065,robocape,1654.0,1459.0
1446034250398867163,424,1446034250397578001,robocape,1649.0,1467.0
1446034250464687579,425,1446034250463293075,robocape,1648.0,1467.0
1446034250531322454,426,1446034250529582023,robocape,1653.0,1460.0
1446034250596111038,427,1446034250594742059,robocape,1654.0,1461.0
1446034250661900205,428,1446034250660470008,robocape,1648.0,1468.0
1446034250793595163,429,1446034250792354106,robocape,1649.0,1469.0
1446034250859387580,430,1446034250857940912,robocape,1646.0,1463.0
1446034250924758913,431,1446034250923482894,robocape,1648.0,1468.0
1446034250993546246,432,1446034250992194890,robocape,1648.0,1469.0
1446034251056193621,433,1446034251054855108,robocape,1654.0,1461.0
1446034251121925080,434,1446034251120625972,robocape,1649.0,1469.0
1446034251192246455,435,1446034251186650037,robocape,1648.0,1469.0
1446034251253381496,436,1446034251252029895,robocape,1654.0,1463.0
1446034251319109205,437,1446034251317846059,robocape,1654.0,1471.0
1446034251385654288,438,1446034251383903980,robocape,1661.0,1480.0
1446034251450599122,439,1446034251449249982,robocape,1665.0,1478.0
1446034251516392455,440,1446034251515089988,robocape,1669.0,1473.0
1446034251583020705,441,1446034251581033945,robocape,1663.0,1474.0
1446034251647814788,442,1446034251646461963,robocape,1662.0,1480.0
1446034251713450455,443,1446034251712188959,robocape,1663.0,1480.0
1446034251780458997,444,1446034251778376102,robocape,1669.0,1478.0
1446034251845357205,445,1446034251843660116,robocape,1663.0,1488.0
1446034251910640788,446,1446034251909346103,robocape,1661.0,1488.0
1446034251976486413,447,1446034251975121974,robocape,1671.0,1490.0
1446034252052272414,448,1446034252045135021,robocape,1705.0,1492.0
1446034252120258039,449,1446034252113007068,robocape,1695.0,1497.0
1446034252173914247,450,1446034252172265052,robocape,1682.0,1498.0
1446034252243625122,451,1446034252242261886,robocape,1686.0,1492.0
1446034252305114580,452,1446034252303740978,robocape,1679.0,1493.0
1446034252370876580,453,1446034252369473934,robocape,1679.0,1498.0
1446034252437280914,454,1446034252435570001,robocape,1677.0,1497.0
1446034252518647289,455,1446034252517400979,robocape,1678.0,1488.0
1446034252585513705,456,1446034252583491086,robocape,1674.0,1485.0
1446034252650412497,457,1446034252649081945,robocape,1674.0,1485.0
1446034252715790164,458,1446034252714548110,robocape,1678.0,1480.0
1446034252782407039,459,1446034252780728101,robocape,1678.0,1480.0
1446034252847310956,460,1446034252845958948,robocape,1673.0,1485.0
1446034252945864414,461,1446034252944610118,robocape,1674.0,1486.0
1446034253029063372,462,1446034253027291059,robocape,1681.0,1480.0
1446034253110170664,463,1446034253108920097,robocape,1673.0,1486.0
1446034253176912164,464,1446034253175574064,robocape,1674.0,1486.0
1446034253258097456,465,1446034253256769895,robocape,1678.0,1489.0
1446034253324093997,466,1446034253322619915,robocape,1674.0,1495.0
1446034253393528372,467,1446034253392277956,robocape,1674.0,1498.0
1446034253455314414,468,1446034253453978061,robocape,1679.0,1492.0
1446034253542168039,469,1446034253536539077,robocape,1673.0,1490.0
1446034253603145956,470,1446034253601845026,robocape,1674.0,1490.0
1446034253668913206,471,1446034253667609930,robocape,1673.0,1489.0
1446034253735369873,472,1446034253733740091,robocape,1679.0,1484.0
1446034253816726206,473,1446034253815444946,robocape,1675.0,1489.0
1446034253883244789,474,1446034253881547927,robocape,1673.0,1488.0
1446034253948235039,475,1446034253946973085,robocape,1679.0,1480.0
1446034254016473039,476,1446034254012617111,robocape,1673.0,1473.0
1446034254096217414,477,1446034254094780921,robocape,1674.0,1474.0
1446034254161842623,478,1446034254160500049,robocape,1674.0,1473.0
1446034254228340790,479,1446034254226306915,robocape,1679.0,1467.0
1446034254293461248,480,1446034254292124986,robocape,1674.0,1468.0
1446034254359347456,481,1446034254357685089,robocape,1673.0,1467.0
1446034254424881206,482,1446034254423577070,robocape,1679.0,1461.0
1446034254498420165,483,1446034254496705055,robocape,1679.0,1461.0
1446034254556184581,484,1446034254554872035,robocape,1674.0,1467.0
1446034254621970248,485,1446034254620663881,robocape,1674.0,1467.0
1446034254692408915,486,1446034254686779975,robocape,1681.0,1461.0
1446034254753404540,487,1446034254752049922,robocape,1673.0,1457.0
1446034254819063206,488,1446034254817826032,robocape,1674.0,1464.0
1446034254901237207,489,1446034254899986028,robocape,1673.0,1463.0
1446034254967174248,490,1446034254965822935,robocape,1679.0,1457.0
1446034255033784415,491,1446034255031719923,robocape,1673.0,1453.0
1446034255098421457,492,1446034255097161054,robocape,1673.0,1448.0
1446034255164303915,493,1446034255162822961,robocape,1679.0,1442.0
1446034255230679582,494,1446034255228986978,robocape,1673.0,1443.0
1446034255295757790,495,1446034255294353961,robocape,1673.0,1446.0
1446034255362016540,496,1446034255360295057,robocape,1673.0,1446.0
1446034255427087665,497,1446034255425738096,robocape,1679.0,1439.0
1446034255493488832,498,1446034255492177009,robocape,1673.0,1440.0
1446034255558509999,499,1446034255557193994,robocape,1673.0,1447.0
1446034255624362165,500,1446034255623047113,robocape,1674.0,1451.0
1446034255693227790,501,1446034255691900014,robocape,1681.0,1453.0
1446034255755877957,502,1446034255754398107,robocape,1673.0,1464.0
1446034255821395499,503,1446034255820161104,robocape,1673.0,1464.0
1446034255892152457,504,1446034255886231899,robocape,1681.0,1457.0
1446034255952896040,505,1446034255951562881,robocape,1677.0,1460.0
1446034256019562915,506,1446034256017556905,robocape,1674.0,1467.0
1446034256085391040,507,1446034256083456993,robocape,1674.0,1467.0
1446034256150165249,508,1446034256148871898,robocape,1679.0,1459.0
1446034256215778082,509,1446034256214534044,robocape,1674.0,1460.0
1446034256283004291,510,1446034256280673027,robocape,1673.0,1467.0
1446034256347262166,511,1446034256345942974,robocape,1674.0,1467.0
1446034256412978124,512,1446034256411700963,robocape,1679.0,1460.0
1446034256480421416,513,1446034256478341102,robocape,1673.0,1467.0
1446034256544702291,514,1446034256543342113,robocape,1673.0,1467.0
1446034256610116374,515,1446034256608880996,robocape,1679.0,1459.0
1446034256676235957,516,1446034256674664974,robocape,1679.0,1460.0
1446034256743277957,517,1446034256742048025,robocape,1673.0,1467.0
1446034256807470041,518,1446034256806082963,robocape,1674.0,1467.0
1446034256873088291,519,1446034256871761083,robocape,1679.0,1460.0
1446034256943200999,520,1446034256941874027,robocape,1673.0,1460.0
1446034257004494166,521,1446034257003251075,robocape,1673.0,1467.0
1446034257070820374,522,1446034257068943977,robocape,1673.0,1467.0
1446034257136775916,523,1446034257135061979,robocape,1679.0,1460.0
1446034257201687624,524,1446034257200383901,robocape,1674.0,1465.0
1446034257267445749,525,1446034257266119956,robocape,1674.0,1468.0
1446034257334372833,526,1446034257332246065,robocape,1679.0,1472.0
1446034257415343999,527,1446034257414022922,robocape,1679.0,1468.0
1446034257482104749,528,1446034257480411052,robocape,1674.0,1472.0
1446034257546798624,529,1446034257545456886,robocape,1674.0,1473.0
1446034257612463124,530,1446034257611228942,robocape,1679.0,1467.0
1446034257679593208,531,1446034257677452087,robocape,1673.0,1468.0
1446034257743994291,532,1446034257742650032,robocape,1673.0,1473.0
1446034257809665291,533,1446034257808433055,robocape,1674.0,1473.0
1446034257875437791,534,1446034257874089002,robocape,1679.0,1467.0
1446034257943439833,535,1446034257942112922,robocape,1673.0,1469.0
1446034258013756166,536,1446034258005738019,robocape,1674.0,1468.0
1446034258072571750,537,1446034258071275949,robocape,1679.0,1451.0
1446034258142905166,538,1446034258141582965,robocape,1678.0,1446.0
1446034258204038375,539,1446034258202779054,robocape,1674.0,1452.0
1446034258269793916,540,1446034258268465042,robocape,1673.0,1452.0
1446034258336406375,541,1446034258334578037,robocape,1679.0,1447.0
1446034258401273000,542,1446034258399962902,robocape,1674.0,1448.0
1446034258466943542,543,1446034258465635061,robocape,1674.0,1455.0
1446034258533771708,544,1446034258531723976,robocape,1674.0,1463.0
1446034258598399958,545,1446034258597141027,robocape,1679.0,1463.0
1446034258664135167,546,1446034258662839889,robocape,1673.0,1472.0
1446034258731536042,547,1446034258729420900,robocape,1673.0,1472.0
1446034258821618667,548,1446034258809776067,robocape,1679.0,1469.0
1446034258873795333,549,1446034258864378929,robocape,1679.0,1465.0
1446034258927123167,550,1446034258925776004,robocape,1674.0,1472.0
1446034258994203375,551,1446034258992675065,robocape,1673.0,1471.0
1446034259058671334,552,1446034259057193994,robocape,1679.0,1464.0
1446034259124203084,553,1446034259122931003,robocape,1662.0,1464.0
1446034259206405750,554,1446034259205061912,robocape,1631.0,1471.0
1446034259272049000,555,1446034259270792961,robocape,1612.0,1471.0
1446034259342735500,556,1446034259336793899,robocape,1594.0,1465.0
1446034259403414292,557,1446034259402156114,robocape,1569.0,1471.0
1446034259469127709,558,1446034259467806100,robocape,1513.0,1471.0
1446034259535928334,559,1446034259533879041,robocape,1513.0,1465.0
1446034259600563042,560,1446034259599319934,robocape,1513.0,1465.0
1446034259684489334,561,1446034259682495117,robocape,1494.0,1472.0
1446034259764947751,562,1446034259763612031,robocape,1505.0,1471.0
1446034259847211584,563,1446034259845886945,robocape,1511.0,1464.0
1446034259912819667,564,1446034259911552906,robocape,1506.0,1471.0
1446034259995208209,565,1446034259993731975,robocape,1526.0,1472.0
1446034260077154126,566,1446034260075856924,robocape,1523.0,1468.0
1446034260143373167,567,1446034260142112016,robocape,1515.0,1474.0
1446034260208548126,568,1446034260207204103,robocape,1450.0,1473.0
1446034260274027459,569,1446034260272783994,robocape,1333.0,1468.0
1446034260343386626,570,1446034260342052936,robocape,1270.0,1468.0
1446034260405474667,571,1446034260404192924,robocape,1247.0,1473.0
1446034260471103793,572,1446034260469810009,robocape,1188.0,1474.0
1446034260537638043,573,1446034260535936117,robocape,1174.0,1468.0
1446034260602605751,574,1446034260601341962,robocape,1174.0,1468.0
1446034260668308043,575,1446034260667009115,robocape,1178.0,1474.0
1446034260734884751,576,1446034260733144998,robocape,1169.0,1474.0
1446034260799812293,577,1446034260798553943,robocape,1174.0,1468.0
1446034260865623293,578,1446034260864207983,robocape,1219.0,1476.0
1446034260932056001,579,1446034260930371046,robocape,1183.0,1476.0
1446034260996930584,580,1446034260995660066,robocape,1154.0,1469.0
1446034261062758168,581,1446034261061316013,robocape,1119.0,1471.0
1446034261129483876,582,1446034261127775907,robocape,1107.0,1476.0
1446034261194172001,583,1446034261192893028,robocape,1124.0,1476.0
1446034261259836960,584,1446034261258517026,robocape,1115.0,1471.0
1446034261325638043,585,1446034261324289083,robocape,1137.0,1469.0
1446034261394426918,586,1446034261393054008,robocape,1171.0,1476.0
1446034261457162585,587,1446034261455825090,robocape,1268.0,1476.0
1446034261522905418,588,1446034261521548986,robocape,1255.0,1469.0
1446034261593483793,589,1446034261592138051,robocape,1241.0,1477.0
1446034261654342293,590,1446034261653027057,robocape,1246.0,1476.0
1446034261720193126,591,1446034261718858957,robocape,1318.0,1469.0
1446034261786861460,592,1446034261785154104,robocape,1373.0,1469.0
1446034261851804960,593,1446034261850356101,robocape,1430.0,1476.0
1446034261917460960,594,1446034261916112899,robocape,1435.0,1476.0
1446034261984174418,595,1446034261982270002,robocape,1442.0,1471.0
1446034262048995877,596,1446034262047657966,robocape,1468.0,1471.0
1446034262114781502,597,1446034262113440036,robocape,1465.0,1477.0
1446034262181299793,598,1446034262179603099,robocape,1444.0,1493.0
1446034262246134293,599,1446034262244827032,robocape,1513.0,1495.0
1446034262312202752,600,1446034262310568094,robocape,1514.0,1499.0
1446034262378355502,601,1446034262376328945,robocape,1507.0,1502.0
1446034262443434418,602,1446034262442106008,robocape,1528.0,1498.0
1446034262509133210,603,1446034262507778882,robocape,1530.0,1498.0
1446034262574825377,604,1446034262573568105,robocape,1523.0,1527.0
1446034262643507752,605,1446034262642266988,robocape,1522.0,1573.0
1446034262706400669,606,1446034262705049037,robocape,1526.0,1572.0
1446034262772015710,607,1446034262770699024,robocape,1526.0,1566.0
1446034262842417877,608,1446034262836709022,robocape,1519.0,1528.0
1446034262903825585,609,1446034262902190923,robocape,1519.0,1505.0
1446034262969150877,610,1446034262967839002,robocape,1526.0,1499.0
1446034263035912502,611,1446034263033899068,robocape,1526.0,1498.0
1446034263100625044,612,1446034263099355936,robocape,1519.0,1506.0
1446034263166480044,613,1446034263165150880,robocape,1520.0,1505.0
1446034263232847002,614,1446034263231142044,robocape,1526.0,1498.0
1446034263297783794,615,1446034263296535015,robocape,1519.0,1505.0
1446034263380925794,616,1446034263379190921,robocape,1519.0,1505.0
1446034263445809669,617,1446034263444380998,robocape,1522.0,1498.0
1446034263511694836,618,1446034263510334014,robocape,1522.0,1499.0
1446034263577128461,619,1446034263575839042,robocape,1515.0,1505.0
1446034263643562211,620,1446034263642342090,robocape,1514.0,1505.0
1446034263708643294,621,1446034263707281112,robocape,1519.0,1498.0
1446034263774313461,622,1446034263773062944,robocape,1518.0,1503.0
1446034263843298044,623,1446034263841974020,robocape,1511.0,1505.0
1446034263906388836,624,1446034263904448032,robocape,1516.0,1499.0
1446034263971483336,625,1446034263970223903,robocape,1515.0,1499.0
1446034264038033336,626,1446034264036263942,robocape,1509.0,1505.0
1446034264102967336,627,1446034264101636886,robocape,1509.0,1503.0
1446034264168648711,628,1446034264167402982,robocape,1515.0,1497.0
1446034264235169503,629,1446034264233409881,robocape,1515.0,1498.0
1446034264300156378,630,1446034264298831939,robocape,1509.0,1505.0
1446034264366502794,631,1446034264364675045,robocape,1509.0,1505.0
1446034264432595003,632,1446034264430610895,robocape,1515.0,1499.0
1446034264497447711,633,1446034264496028900,robocape,1513.0,1498.0
1446034264580514461,634,1446034264578583002,robocape,1509.0,1505.0
1446034264645305378,635,1446034264643951892,robocape,1514.0,1499.0
1446034264711378545,636,1446034264709611892,robocape,1514.0,1498.0
1446034264776693586,637,1446034264775362968,robocape,1507.0,1503.0
1446034264843430920,638,1446034264841974973,robocape,1510.0,1505.0
1446034264908147045,639,1446034264906812906,robocape,1514.0,1499.0
1446034264974046670,640,1446034264972553968,robocape,1515.0,1498.0
1446034265043378378,641,1446034265042053937,robocape,1507.0,1505.0
1446034265105284878,642,1446034265103976011,robocape,1509.0,1505.0
1446034265171009753,643,1446034265169748067,robocape,1515.0,1498.0
1446034265241795003,644,1446034265235909938,robocape,1514.0,1499.0
1446034265302484586,645,1446034265301156997,robocape,1509.0,1505.0
1446034265368670128,646,1446034265367213010,robocape,1514.0,1498.0
1446034265434879295,647,1446034265433165073,robocape,1513.0,1499.0
1446034265499762420,648,1446034265498325109,robocape,1509.0,1505.0
1446034265596669712,649,1446034265580133914,robocape,1509.0,1505.0
1446034265631756212,650,1446034265630151033,robocape,1513.0,1499.0
1446034265696983962,651,1446034265695660114,robocape,1515.0,1498.0
1446034265762552878,652,1446034265761296987,robocape,1507.0,1505.0
1446034265829517378,653,1446034265827785015,robocape,1507.0,1505.0
1446034265894386003,654,1446034265893030881,robocape,1514.0,1499.0
1446034265959811962,655,1446034265958515882,robocape,1514.0,1498.0
1446034266025527587,656,1446034266024152994,robocape,1507.0,1505.0
1446034266093693795,657,1446034266092230081,robocape,1514.0,1506.0
1446034266157183962,658,1446034266155944108,robocape,1514.0,1498.0
1446034266222691754,659,1446034266221329927,robocape,1509.0,1505.0
1446034266304837170,660,1446034266303495883,robocape,1509.0,1505.0
1446034266370627212,661,1446034266369213104,robocape,1511.0,1498.0
1446034266437144670,662,1446034266435432910,robocape,1511.0,1498.0
1446034266502009129,663,1446034266500654935,robocape,1507.0,1505.0
1446034266567814379,664,1446034266566407918,robocape,1506.0,1505.0
1446034266649909462,665,1446034266648567914,robocape,1514.0,1498.0
1446034266732892171,666,1446034266731051921,robocape,1510.0,1505.0
1446034266814364837,667,1446034266812880039,robocape,1509.0,1505.0
1446034266882488671,668,1446034266880789995,robocape,1514.0,1498.0
1446034266945628504,669,1446034266944325923,robocape,1513.0,1505.0
1446034267015585837,670,1446034267014216899,robocape,1507.0,1505.0
1446034267077162421,671,1446034267075833082,robocape,1515.0,1499.0
1446034267143359337,672,1446034267142096042,robocape,1514.0,1498.0
1446034267208597337,673,1446034267207241058,robocape,1507.0,1505.0
1446034267274260421,674,1446034267273013114,robocape,1509.0,1503.0
1446034267343279004,675,1446034267341960906,robocape,1514.0,1498.0
1446034267405851046,676,1446034267404503107,robocape,1514.0,1498.0
1446034267471562963,677,1446034267470314025,robocape,1507.0,1506.0
1446034267542133171,678,1446034267536261081,robocape,1509.0,1503.0
1446034267602934713,679,1446034267601600885,robocape,1514.0,1499.0
1446034267668609338,680,1446034267667347908,robocape,1514.0,1499.0
1446034267735105629,681,1446034267733397006,robocape,1509.0,1503.0
1446034267800232504,682,1446034267798810005,robocape,1515.0,1505.0
1446034267865982421,683,1446034267864531040,robocape,1514.0,1499.0
1446034267932286338,684,1446034267930603027,robocape,1509.0,1505.0
1446034268003342713,685,1446034267997636079,robocape,1509.0,1503.0
1446034268062984088,686,1446034268061681985,robocape,1514.0,1498.0
1446034268131214463,687,1446034268128907918,robocape,1514.0,1499.0
1446034268194462005,688,1446034268193209886,robocape,1507.0,1505.0
1446034268260164963,689,1446034268258855104,robocape,1507.0,1505.0
1446034268325929130,690,1446034268324606895,robocape,1514.0,1499.0
1446034268393234505,691,1446034268391978025,robocape,1515.0,1498.0
1446034268457569213,692,1446034268456053018,robocape,1507.0,1505.0
1446034268523121296,693,1446034268521780014,robocape,1507.0,1505.0
1446034268593281921,694,1446034268591945886,robocape,1514.0,1498.0
1446034268654539463,695,1446034268653238058,robocape,1510.0,1505.0
1446034268720364296,696,1446034268719027042,robocape,1509.0,1505.0
1446034268786774505,697,1446034268785103082,robocape,1514.0,1499.0
1446034268851720172,698,1446034268850409030,robocape,1514.0,1498.0
1446034268917457255,699,1446034268916134119,robocape,1507.0,1505.0
1446034268984412047,700,1446034268982297897,robocape,1510.0,1505.0
1446034269048916838,701,1446034269047594070,robocape,1514.0,1499.0
1446034269114783338,702,1446034269113441944,robocape,1514.0,1498.0
1446034269181192338,703,1446034269179490089,robocape,1509.0,1505.0
1446034269246096213,704,1446034269244786024,robocape,1507.0,1505.0
1446034269311864838,705,1446034269310540914,robocape,1514.0,1499.0
1446034269378356630,706,1446034269376343965,robocape,1514.0,1498.0
1446034269443609463,707,1446034269442250013,robocape,1507.0,1505.0
1446034269509165130,708,1446034269507716894,robocape,1515.0,1502.0
1446034269574877964,709,1446034269573622941,robocape,1513.0,1498.0
1446034269644078089,710,1446034269642754077,robocape,1509.0,1505.0
1446034269706152922,711,1446034269704905033,robocape,1507.0,1503.0
1446034269771967255,712,1446034269770675897,robocape,1515.0,1499.0
1446034269842878464,713,1446034269836661100,robocape,1514.0,1498.0
1446034269903714922,714,1446034269902117013,robocape,1509.0,1505.0
1446034269969082755,715,1446034269967772006,robocape,1507.0,1505.0
1446034270036046172,716,1446034270034333944,robocape,1514.0,1499.0
1446034270100657880,717,1446034270099281072,robocape,1514.0,1499.0
1446034270167283422,718,1446034270165035963,robocape,1509.0,1505.0
1446034270233600339,719,1446034270231137037,robocape,1509.0,1505.0
1446034270297727256,720,1446034270296484947,robocape,1514.0,1498.0
1446034270363618631,721,1446034270362119913,robocape,1509.0,1505.0
1446034270430465381,722,1446034270428405046,robocape,1509.0,1505.0
1446034270494906381,723,1446034270493638992,robocape,1515.0,1498.0
1446034270560627339,724,1446034270559293985,robocape,1514.0,1498.0
1446034270626540506,725,1446034270625062942,robocape,1509.0,1505.0
1446034270693686797,726,1446034270692204952,robocape,1507.0,1505.0
1446034270757828131,727,1446034270756504058,robocape,1515.0,1498.0
1446034270823679131,728,1446034270822258949,robocape,1527.0,1499.0
1446034270893507006,729,1446034270892265081,robocape,1523.0,1506.0
1446034270955020464,730,1446034270953696012,robocape,1522.0,1503.0
1446034271020873423,731,1446034271019500017,robocape,1522.0,1499.0
1446034271087206256,732,1446034271085504055,robocape,1507.0,1498.0
1446034271152141173,733,1446034271150810003,robocape,1478.0,1505.0
1446034271217845923,734,1446034271216590881,robocape,1471.0,1498.0
1446034271284309714,735,1446034271282685041,robocape,1471.0,1498.0
1446034271349386006,736,1446034271348021984,robocape,1507.0,1503.0
1446034271415074214,737,1446034271413822889,robocape,1506.0,1503.0
1446034271481639756,738,1446034271480024099,robocape,1511.0,1497.0
1446034271546559673,739,1446034271545232057,robocape,1513.0,1495.0
1446034271612310756,740,1446034271611002922,robocape,1507.0,1503.0
1446034271678744381,741,1446034271676683902,robocape,1506.0,1503.0
1446034271743892840,742,1446034271742414951,robocape,1513.0,1497.0
1446034271809435590,743,1446034271808173894,robocape,1513.0,1498.0
1446034271875511256,744,1446034271873977899,robocape,1506.0,1503.0
1446034271943692256,745,1446034271942374944,robocape,1513.0,1503.0
1446034272006864673,746,1446034272005371093,robocape,1511.0,1497.0
1446034272072370631,747,1446034272071022033,robocape,1506.0,1503.0
1446034272143143423,748,1446034272141545057,robocape,1509.0,1503.0
1446034272203939465,749,1446034272202559947,robocape,1513.0,1498.0
1446034272269603423,750,1446034272268243074,robocape,1515.0,1498.0
1446034272351723132,751,1446034272345923900,robocape,1520.0,1503.0
1446034272400991132,752,1446034272399755001,robocape,1524.0,1503.0
1446034272466791465,753,1446034272465449094,robocape,1537.0,1497.0
1446034272533337173,754,1446034272531627893,robocape,1576.0,1497.0
1446034272598226090,755,1446034272596972942,robocape,1564.0,1505.0
1446034272664083673,756,1446034272662619113,robocape,1587.0,1503.0
1446034272734142548,757,1446034272732433080,robocape,1560.0,1497.0
1446034272795536423,758,1446034272794075965,robocape,1551.0,1503.0
1446034272861170090,759,1446034272859803915,robocape,1541.0,1503.0
1446034272926936715,760,1446034272925595998,robocape,1541.0,1497.0
1446034272993519048,761,1446034272992209911,robocape,1553.0,1498.0
1446034273058340465,762,1446034273056994915,robocape,1534.0,1503.0
1446034273124032132,763,1446034273122761964,robocape,1543.0,1503.0
1446034273194853007,764,1446034273193535089,robocape,1544.0,1498.0
1446034273255540340,765,1446034273254168987,robocape,1530.0,1497.0
1446034273321218882,766,1446034273319926023,robocape,1526.0,1503.0
1446034273403483507,767,1446034273402091979,robocape,1524.0,1505.0
1446034273469126924,768,1446034273467749118,robocape,1523.0,1498.0
1446034273535466215,769,1446034273533802986,robocape,1515.0,1502.0
1446034273600504632,770,1446034273599251031,robocape,1515.0,1505.0
1446034273666230507,771,1446034273664918899,robocape,1523.0,1498.0
1446034273732871132,772,1446034273731178045,robocape,1522.0,1498.0
1446034273797853924,773,1446034273796461105,robocape,1518.0,1503.0
1446034273863483632,774,1446034273862133979,robocape,1530.0,1503.0
1446034273930132757,775,1446034273928392887,robocape,1545.0,1498.0
1446034273995117382,776,1446034273993864059,robocape,1570.0,1497.0
1446034274061070216,777,1446034274059348106,robocape,1572.0,1503.0
1446034274126431132,778,1446034274125057935,robocape,1555.0,1502.0
1446034274193820507,779,1446034274192274093,robocape,1549.0,1497.0
1446034274257852341,780,1446034274256505012,robocape,1547.0,1502.0
1446034274323603466,781,1446034274322266101,robocape,1541.0,1505.0
1446034274393403507,782,1446034274392155885,robocape,1537.0,1498.0
1446034274455014591,783,1446034274453671932,robocape,1523.0,1497.0
1446034274520689633,784,1446034274519412994,robocape,1515.0,1503.0
1446034274587279299,785,1446034274585567951,robocape,1514.0,1505.0
1446034274652183966,786,1446034274650847911,robocape,1520.0,1498.0
1446034274717920841,787,1446034274716610908,robocape,1522.0,1498.0
1446034274784796466,788,1446034274782741069,robocape,1519.0,1505.0
1446034274849376966,789,1446034274848054885,robocape,1526.0,1503.0
1446034274915229466,790,1446034274913820981,robocape,1547.0,1497.0
1446034274981651383,791,1446034274979918003,robocape,1553.0,1495.0
1446034275046565341,792,1446034275045233964,robocape,1541.0,1505.0
1446034275112265925,793,1446034275111006021,robocape,1543.0,1503.0
1446034275179120925,794,1446034275176656007,robocape,1543.0,1498.0
1446034275243750300,795,1446034275242419958,robocape,1528.0,1503.0
1446034275309554675,796,1446034275308187007,robocape,1530.0,1503.0
1446034275375711091,797,1446034275374213933,robocape,1526.0,1498.0
1446034275443148758,798,1446034275441812992,robocape,1526.0,1498.0
1446034275506644425,799,1446034275505345106,robocape,1528.0,1503.0
1446034275572650925,800,1446034275571310043,robocape,1531.0,1503.0
1446034275642650925,801,1446034275641309976,robocape,1532.0,1498.0
1446034275703771675,802,1446034275702527999,robocape,1520.0,1497.0
1446034275769542216,803,1446034275768197059,robocape,1515.0,1503.0
1446034275836097508,804,1446034275834335088,robocape,1514.0,1503.0
1446034275900966717,805,1446034275899712085,robocape,1522.0,1498.0
1446034275966940675,806,1446034275965379953,robocape,1514.0,1503.0
1446034276033580175,807,1446034276031507968,robocape,1513.0,1503.0
1446034276098146508,808,1446034276096831083,robocape,1519.0,1498.0
1446034276164283133,809,1446034276162914991,robocape,1518.0,1497.0
1446034276230649800,810,1446034276228969097,robocape,1510.0,1505.0
1446034276295384967,811,1446034276294034004,robocape,1511.0,1503.0
1446034276361098300,812,1446034276359735012,robocape,1515.0,1498.0
1446034276426830592,813,1446034276425520896,robocape,1516.0,1498.0
1446034276493583300,814,1446034276492255926,robocape,1511.0,1503.0
1446034276558253425,815,1446034276556924104,robocape,1507.0,1503.0
1446034276623972342,816,1446034276622709035,robocape,1516.0,1497.0
1446034276693238967,817,1446034276691915035,robocape,1515.0,1497.0
1446034276755436800,818,1446034276754103899,robocape,1509.0,1505.0
1446034276821141050,819,1446034276819890022,robocape,1515.0,1498.0
1446034276892120217,820,1446034276886096000,robocape,1514.0,1498.0
1446034276952740509,821,1446034276951282978,robocape,1509.0,1503.0
1446034277020878342,822,1446034277019490957,robocape,1510.0,1503.0
1446034277084890259,823,1446034277083168983,robocape,1515.0,1498.0
1446034277149784009,824,1446034277148471117,robocape,1516.0,1498.0
1446034277215501634,825,1446034277214246034,robocape,1507.0,1502.0
1446034277281990426,826,1446034277280253887,robocape,1509.0,1503.0
1446034277347134967,827,1446034277345671892,robocape,1516.0,1498.0
1446034277412945092,828,1446034277411668062,robocape,1515.0,1498.0
1446034277480134551,829,1446034277477906942,robocape,1509.0,1503.0
1446034277544324801,830,1446034277542906999,robocape,1514.0,1505.0
1446034277609890759,831,1446034277608578920,robocape,1514.0,1497.0
1446034277675975426,832,1446034277674273967,robocape,1509.0,1505.0
1446034277743254592,833,1446034277742010116,robocape,1509.0,1503.0
1446034277807200259,834,1446034277805946111,robocape,1515.0,1498.0
1446034277872812926,835,1446034277871457099,robocape,1515.0,1497.0
1446034277942981509,836,1446034277941662073,robocape,1509.0,1503.0
1446034278004235093,837,1446034278002924919,robocape,1507.0,1503.0
1446034278069956718,838,1446034278068638086,robocape,1515.0,1498.0
1446034278136471634,839,1446034278134773969,robocape,1515.0,1498.0
1446034278201424384,840,1446034278200102090,robocape,1507.0,1503.0
1446034278267165259,841,1446034278265820026,robocape,1507.0,1502.0
1446034278333639551,842,1446034278331964015,robocape,1515.0,1498.0
1446034278398706634,843,1446034278397268056,robocape,1514.0,1505.0
1446034278464350759,844,1446034278463021993,robocape,1507.0,1505.0
1446034278531205259,845,1446034278529206037,robocape,1514.0,1497.0
1446034278595781301,846,1446034278594471931,robocape,1514.0,1498.0
1446034278661537801,847,1446034278660193920,robocape,1507.0,1502.0
1446034278727897135,848,1446034278726037979,robocape,1509.0,1505.0
1446034278793613885,849,1446034278792372941,robocape,1515.0,1498.0
1446034278858713760,850,1446034278857388973,robocape,1513.0,1497.0
1446034278924408010,851,1446034278923146963,robocape,1507.0,1503.0
1446034278993592968,852,1446034278992258071,robocape,1509.0,1505.0
1446034279061491885,853,1446034279057684898,robocape,1513.0,1498.0
1446034279129266426,854,1446034279123796939,robocape,1514.0,1498.0
1446034279192172676,855,1446034279186449050,robocape,1506.0,1502.0
1446034279253266926,856,1446034279251842975,robocape,1514.0,1502.0
1446034279318753302,857,1446034279317436933,robocape,1493.0,1498.0
1446034279386573177,858,1446034279384865045,robocape,1481.0,1503.0
1446034279450178677,859,1446034279448854923,robocape,1427.0,1503.0
1446034279515979260,860,1446034279514620065,robocape,1385.0,1498.0
1446034279582738052,861,1446034279580710887,robocape,1384.0,1498.0
1446034279647833010,862,1446034279646146059,robocape,1516.0,1503.0
1446034279713211718,863,1446034279711841106,robocape,1513.0,1503.0
1446034279780409510,864,1446034279778328895,robocape,1518.0,1497.0
1446034279844582718,865,1446034279843332052,robocape,1516.0,1498.0
1446034279910356427,866,1446034279909003973,robocape,1507.0,1503.0
1446034279976072385,867,1446034279974734067,robocape,1507.0,1503.0
1446034280043693969,868,1446034280042443990,robocape,1513.0,1497.0
1446034280123944510,869,1446034280122651100,robocape,1506.0,1503.0
1446034280193822885,870,1446034280191905975,robocape,1510.0,1505.0
1446034280271816844,871,1446034280270500898,robocape,1516.0,1497.0
1446034280342327135,872,1446034280336549043,robocape,1516.0,1497.0
1446034280403294010,873,1446034280402017116,robocape,1509.0,1505.0
1446034280468990510,874,1446034280467664957,robocape,1514.0,1505.0
1446034280535770344,875,1446034280533746004,robocape,1516.0,1498.0
1446034280600471510,876,1446034280599186897,robocape,1510.0,1503.0
1446034280666242010,877,1446034280664877891,robocape,1510.0,1503.0
1446034280732851844,878,1446034280730921983,robocape,1515.0,1498.0
1446034280803630761,879,1446034280802325010,robocape,1516.0,1498.0
1446034280863358177,880,1446034280862027883,robocape,1510.0,1503.0
1446034280930473052,881,1446034280928548097,robocape,1510.0,1503.0
1446034280995049719,882,1446034280993563890,robocape,1516.0,1498.0
1446034281060539219,883,1446034281059214115,robocape,1515.0,1498.0
1446034281126424761,884,1446034281124972105,robocape,1507.0,1506.0
1446034281193621761,885,1446034281192254066,robocape,1509.0,1503.0
1446034281257751427,886,1446034281256400108,robocape,1515.0,1498.0
1446034281323423552,887,1446034281322149991,robocape,1514.0,1503.0
1446034281393910136,888,1446034281392546892,robocape,1509.0,1503.0
1446034281455013094,889,1446034281453669071,robocape,1515.0,1498.0
1446034281520644594,890,1446034281519356966,robocape,1516.0,1498.0
1446034281587097344,891,1446034281585488080,robocape,1509.0,1503.0
1446034281652259261,892,1446034281650774955,robocape,1507.0,1505.0
1446034281718112344,893,1446034281716552972,robocape,1514.0,1498.0
1446034281784557219,894,1446034281782871961,robocape,1515.0,1497.0
1446034281849287011,895,1446034281847964048,robocape,1509.0,1505.0
1446034281915069969,896,1446034281913722991,robocape,1509.0,1503.0
1446034281981405553,897,1446034281979779958,robocape,1515.0,1498.0
1446034282046465636,898,1446034282045130014,robocape,1514.0,1498.0
1446034282112183011,899,1446034282110889911,robocape,1509.0,1503.0
1446034282178671761,900,1446034282176568031,robocape,1513.0,1503.0
1446034282243648595,901,1446034282242321014,robocape,1514.0,1498.0
1446034282309362928,902,1446034282308084011,robocape,1507.0,1503.0
1446034282375266595,903,1446034282373779058,robocape,1509.0,1503.0
1446034282443985303,904,1446034282442734956,robocape,1514.0,1499.0
1446034282507181345,905,1446034282505831956,robocape,1515.0,1498.0
1446034282572303511,906,1446034282570951938,robocape,1510.0,1503.0
1446034282642654720,907,1446034282641318082,robocape,1509.0,1503.0
1446034282703684386,908,1446034282702442884,robocape,1515.0,1497.0
1446034282769468678,909,1446034282768125057,robocape,1514.0,1498.0
1446034282836197762,910,1446034282834494113,robocape,1507.0,1503.0
1446034282900997762,911,1446034282899729967,robocape,1507.0,1505.0
1446034282966780678,912,1446034282965466022,robocape,1514.0,1497.0
1446034283033382428,913,1446034283031565904,robocape,1509.0,1503.0
1446034283098095637,914,1446034283096766948,robocape,1507.0,1505.0
1446034283163859178,915,1446034283162511110,robocape,1515.0,1498.0
1446034283230806845,916,1446034283228768110,robocape,1515.0,1498.0
1446034283295254012,917,1446034283293950080,robocape,1509.0,1505.0
1446034283360992762,918,1446034283359671115,robocape,1509.0,1505.0
1446034283426734928,919,1446034283425450086,robocape,1514.0,1498.0
1446034283493211804,920,1446034283491971015,robocape,1514.0,1497.0
1446034283558216637,921,1446034283556862115,robocape,1509.0,1503.0
1446034283623921054,922,1446034283622628927,robocape,1509.0,1503.0
1446034283693158720,923,1446034283691843986,robocape,1513.0,1497.0
1446034283755551679,924,1446034283754035949,robocape,1515.0,1498.0
1446034283821412262,925,1446034283820130109,robocape,1509.0,1503.0
1446034283887495054,926,1446034283885833978,robocape,1515.0,1501.0
1446034283952544720,927,1446034283951220989,robocape,1514.0,1498.0
1446034284019017512,928,1446034284017044067,robocape,1509.0,1505.0
1446034284085059012,929,1446034284082990884,robocape,1509.0,1505.0
1446034284149718012,930,1446034284148406982,robocape,1515.0,1498.0
1446034284215500429,931,1446034284214227914,robocape,1515.0,1497.0
1446034284281909679,932,1446034284280220985,robocape,1509.0,1503.0
1446034284346858221,933,1446034284345609903,robocape,1509.0,1503.0
1446034284412666179,934,1446034284411408901,robocape,1514.0,1498.0
1446034284479425554,935,1446034284477695941,robocape,1514.0,1498.0
1446034284544109721,936,1446034284542849063,robocape,1507.0,1503.0
1446034284609800637,937,1446034284608478069,robocape,1509.0,1503.0
1446034284675497971,938,1446034284674190998,robocape,1515.0,1498.0
1446034284743500096,939,1446034284742158889,robocape,1510.0,1503.0
1446034284807119971,940,1446034284805658102,robocape,1509.0,1505.0
1446034284872750221,941,1446034284871404886,robocape,1514.0,1497.0
1446034284943681054,942,1446034284937542915,robocape,1514.0,1499.0
1446034285004366138,943,1446034285002855062,robocape,1509.0,1503.0
1446034285070059513,944,1446034285068582057,robocape,1510.0,1503.0
1446034285138489346,945,1446034285134953975,robocape,1515.0,1498.0
1446034285201399263,946,1446034285200020074,robocape,1514.0,1497.0
1446034285267084263,947,1446034285265746116,robocape,1509.0,1505.0
1446034285333624304,948,1446034285331918954,robocape,1509.0,1503.0
1446034285398498929,949,1446034285397186994,robocape,1515.0,1498.0
1446034285464325846,950,1446034285463002920,robocape,1515.0,1497.0
1446034285530948054,951,1446034285529221057,robocape,1507.0,1505.0
1446034285595694680,952,1446034285594378948,robocape,1515.0,1498.0
1446034285661505680,953,1446034285660165071,robocape,1514.0,1498.0
1446034285727692930,954,1446034285725868940,robocape,1509.0,1503.0
1446034285793214013,955,1446034285791887998,robocape,1507.0,1503.0
1446034285858809555,956,1446034285857327938,robocape,1515.0,1497.0
1446034285924684180,957,1446034285923161029,robocape,1515.0,1498.0
1446034285993588346,958,1446034285992263078,robocape,1509.0,1503.0
1446034286055780096,959,1446034286054527997,robocape,1509.0,1505.0
1446034286121603013,960,1446034286120220899,robocape,1514.0,1498.0
1446034286192044430,961,1446034286186254978,robocape,1514.0,1498.0
1446034286252949721,962,1446034286251701116,robocape,1509.0,1503.0
1446034286318747222,963,1446034286317400932,robocape,1514.0,1503.0
1446034286385184263,964,1446034286383503913,robocape,1515.0,1498.0
1446034286450114597,965,1446034286448880910,robocape,1507.0,1505.0
1446034286515965555,966,1446034286514559984,robocape,1507.0,1505.0
1446034286582443555,967,1446034286580728054,robocape,1514.0,1498.0
1446034286647487472,968,1446034286646143913,robocape,1515.0,1498.0
1446034286713116805,969,1446034286711743116,robocape,1509.0,1503.0
1446034286780360972,970,1446034286778321027,robocape,1509.0,1506.0
1446034286844668222,971,1446034286843285083,robocape,1514.0,1498.0
1446034286910243888,972,1446034286908922910,robocape,1515.0,1497.0
1446034286976017305,973,1446034286974653005,robocape,1507.0,1503.0
1446034287044112555,974,1446034287042850971,robocape,1509.0,1505.0
1446034287107399097,975,1446034287106108903,robocape,1515.0,1498.0
1446034287173825014,976,1446034287172236919,robocape,1509.0,1505.0
1446034287243476764,977,1446034287242157936,robocape,1509.0,1503.0
1446034287304614014,978,1446034287303293943,robocape,1515.0,1498.0
1446034287370298514,979,1446034287369031906,robocape,1514.0,1498.0
1446034287452661055,980,1446034287451317071,robocape,1509.0,1505.0
