%time,field.header.seq,field.header.stamp,field.header.frame_id,field.temperature,field.variance
1446037190438515790,1,1446037190218566894,robocape,1492.0,1360.0
1446037190460706623,2,1446037190247108936,robocape,1489.0,1560.0
1446037190460769832,3,1446037190289120912,robocape,1485.0,1560.0
1446037190460806790,4,1446037190313339948,robocape,1486.0,1560.0
1446037190460842457,5,1446037190358501911,robocape,1484.0,1560.0
1446037190460907873,6,1446037190398319959,robocape,1493.0,1560.0
1446037190468497998,7,1446037190435015916,robocape,1495.0,1560.0
1446037190482264290,8,1446037190477471113,robocape,1492.0,1360.0
1446037190513942998,9,1446037190512605905,robocape,1488.0,1560.0
1446037190545614748,10,1446037190544387102,robocape,1486.0,1360.0
1446037190602792165,11,1446037190601027965,robocape,1485.0,1360.0
1446037190625744373,12,1446037190624567031,robocape,1493.0,1560.0
1446037190658614165,13,1446037190657393932,robocape,1494.0,1360.0
1446037190691474998,14,1446037190690246105,robocape,1493.0,1360.0
1446037190724312248,15,1446037190723090887,robocape,1494.0,1360.0
1446037190757574790,16,1446037190756252050,robocape,1488.0,1360.0
1446037190790142873,17,1446037190788889884,robocape,1486.0,1560.0
1446037190822980165,18,1446037190821724891,robocape,1489.0,1360.0
1446037190856051373,19,1446037190854639053,robocape,1495.0,1360.0
1446037190888767790,20,1446037190887455940,robocape,1494.0,1560.0
1446037190921600040,21,1446037190920285940,robocape,1493.0,1560.0
1446037190954511124,22,1446037190953198909,robocape,1493.0,1360.0
1446037190987324957,23,1446037190986068964,robocape,1486.0,1560.0
1446037191020345790,24,1446037191019079923,robocape,1486.0,1360.0
1446037191053382290,25,1446037191052107095,robocape,1486.0,1360.0
1446037191086096082,26,1446037191084769010,robocape,1489.0,1560.0
1446037191118988707,27,1446037191117523908,robocape,1493.0,1360.0
1446037191151834957,28,1446037191150403022,robocape,1493.0,1560.0
1446037191184966415,29,1446037191183281898,robocape,1493.0,1560.0
1446037191217391499,30,1446037191216077089,robocape,1485.0,1560.0
1446037191250437749,31,1446037191249129056,robocape,1488.0,1560.0
1446037191283850624,32,1446037191282275915,robocape,1486.0,1360.0
1446037191316681665,33,1446037191315320014,robocape,1488.0,1360.0
1446037191349112707,34,1446037191347785949,robocape,1493.0,1560.0
1446037191382414165,35,1446037191381078958,robocape,1493.0,1560.0
1446037191414738040,36,1446037191413460969,robocape,1492.0,1360.0
1446037191464797290,37,1446037191463077068,robocape,1494.0,1360.0
1446037191497816707,38,1446037191495930910,robocape,1485.0,1560.0
1446037191530764915,39,1446037191529069900,robocape,1488.0,1360.0
1446037191563930124,40,1446037191561788082,robocape,1486.0,1360.0
1446037191596604707,41,1446037191594500064,robocape,1493.0,1560.0
1446037191628701166,42,1446037191626852035,robocape,1494.0,1560.0
1446037191661841082,43,1446037191659979104,robocape,1494.0,1560.0
1446037191693929416,44,1446037191692588090,robocape,1486.0,1560.0
1446037191726736416,45,1446037191725430011,robocape,1486.0,1560.0
1446037191759887916,46,1446037191758316040,robocape,1486.0,1560.0
1446037191792519707,47,1446037191791184902,robocape,1486.0,1560.0
1446037191825760166,48,1446037191824094057,robocape,1493.0,1360.0
1446037191858348582,49,1446037191857076883,robocape,1490.0,1560.0
1446037191891098457,50,1446037191889784097,robocape,1494.0,1560.0
1446037191923964166,51,1446037191922642946,robocape,1492.0,1560.0
1446037191957035791,52,1446037191955678939,robocape,1486.0,1360.0
1446037191989726832,53,1446037191988403081,robocape,1484.0,1360.0
1446037192022600916,54,1446037192021358013,robocape,1486.0,1360.0
1446037192055579041,55,1446037192054289102,robocape,1493.0,1360.0
1446037192088475749,56,1446037192087223052,robocape,1493.0,1360.0
1446037192122783541,57,1446037192119967937,robocape,1492.0,1560.0
1446037192154009666,58,1446037192152693986,robocape,1493.0,1360.0
1446037192187237582,59,1446037192185586929,robocape,1485.0,1560.0
1446037192219804666,60,1446037192218467950,robocape,1486.0,1360.0
1446037192252579749,61,1446037192251328945,robocape,1485.0,1560.0
1446037192285443416,62,1446037192284132957,robocape,1486.0,1560.0
1446037192318314791,63,1446037192316996097,robocape,1493.0,1360.0
1446037192351231208,64,1446037192349896907,robocape,1493.0,1360.0
1446037192384023583,65,1446037192382795095,robocape,1493.0,1360.0
1446037192417213958,66,1446037192415961027,robocape,1490.0,1560.0
1446037192453835541,67,1446037192451335906,robocape,1485.0,1360.0
1446037192483233458,68,1446037192481990098,robocape,1486.0,1360.0
1446037192516480874,69,1446037192514791011,robocape,1485.0,1360.0
1446037192549037999,70,1446037192547708988,robocape,1493.0,1360.0
1446037192581915749,71,1446037192580593109,robocape,1492.0,1560.0
1446037192614795124,72,1446037192613467931,robocape,1493.0,1560.0
1446037192647561124,73,1446037192646332025,robocape,1493.0,1560.0
1446037192680545458,74,1446037192678878068,robocape,1486.0,1360.0
1446037192713491874,75,1446037192712162971,robocape,1486.0,1560.0
1446037192746327874,76,1446037192745006084,robocape,1486.0,1360.0
1446037192779732166,77,1446037192777508974,robocape,1492.0,1560.0
1446037192813292624,78,1446037192810209989,robocape,1493.0,1360.0
1446037192846601416,79,1446037192843244075,robocape,1490.0,1360.0
1446037192880070958,80,1446037192878827095,robocape,1494.0,1560.0
1446037192911960166,81,1446037192910653114,robocape,1486.0,1560.0
1446037192945256041,82,1446037192943943023,robocape,1486.0,1360.0
1446037192979474041,83,1446037192977466106,robocape,1486.0,1560.0
1446037193012517333,84,1446037193011291027,robocape,1485.0,1360.0
1446037193045410166,85,1446037193044112920,robocape,1493.0,1360.0
1446037193079558166,86,1446037193077302932,robocape,1492.0,1360.0
1446037193112924458,87,1446037193109146118,robocape,1493.0,1360.0
1446037193146301416,88,1446037193142630100,robocape,1489.0,1560.0
1446037193179405666,89,1446037193178081989,robocape,1486.0,1560.0
1446037193212650125,90,1446037193208900928,robocape,1486.0,1560.0
1446037193243150458,91,1446037193237517118,robocape,1486.0,1560.0
1446037193277753833,92,1446037193270698070,robocape,1494.0,1360.0
1446037193305096458,93,1446037193303252935,robocape,1490.0,1360.0
1446037193338003375,94,1446037193336214065,robocape,1494.0,1560.0
1446037193371465916,95,1446037193369189977,robocape,1492.0,1360.0
1446037193403760958,96,1446037193402061939,robocape,1486.0,1360.0
1446037193451923375,97,1446037193449390888,robocape,1485.0,1560.0
1446037193469236666,98,1446037193467561960,robocape,1486.0,1560.0
1446037193502885125,99,1446037193500587940,robocape,1493.0,1360.0
1446037193535039000,100,1446037193533365964,robocape,1493.0,1360.0
1446037193568391291,101,1446037193566701889,robocape,1493.0,1560.0
1446037193600839125,102,1446037193599123954,robocape,1493.0,1560.0
1446037193633627291,103,1446037193631928920,robocape,1486.0,1560.0
1446037193666939750,104,1446037193664764881,robocape,1486.0,1360.0
1446037193699375167,105,1446037193697662115,robocape,1486.0,1560.0
1446037193732223250,106,1446037193730559110,robocape,1492.0,1560.0
1446037193765529792,107,1446037193763854980,robocape,1490.0,1560.0
1446037193797938042,108,1446037193796299934,robocape,1493.0,1560.0
1446037193831050875,109,1446037193829253911,robocape,1493.0,1560.0
1446037193865264000,110,1446037193862510919,robocape,1486.0,1560.0
1446037193896918708,111,1446037193895201921,robocape,1488.0,1560.0
1446037193929816083,112,1446037193927817106,robocape,1486.0,1360.0
1446037193962135417,113,1446037193960182905,robocape,1485.0,1560.0
1446037193994553958,114,1446037193993160963,robocape,1493.0,1360.0
1446037194027236167,115,1446037194025930881,robocape,1493.0,1560.0
1446037194060285708,116,1446037194058806896,robocape,1492.0,1360.0
1446037194093306125,117,1446037194091670036,robocape,1493.0,1360.0
1446037194126120667,118,1446037194124820947,robocape,1488.0,1360.0
1446037194158626208,119,1446037194157334089,robocape,1485.0,1360.0
1446037194191533833,120,1446037194190216064,robocape,1486.0,1360.0
1446037194224447667,121,1446037194223108053,robocape,1493.0,1560.0
1446037194257318417,122,1446037194256000995,robocape,1493.0,1360.0
1446037194290060042,123,1446037194288831949,robocape,1489.0,1360.0
1446037194322993542,124,1446037194321743011,robocape,1493.0,1360.0
1446037194355805042,125,1446037194354527950,robocape,1488.0,1360.0
1446037194388901667,126,1446037194387403011,robocape,1488.0,1560.0
1446037194421624917,127,1446037194420300006,robocape,1488.0,1360.0
1446037194456260750,128,1446037194454986095,robocape,1493.0,1360.0
1446037194487565375,129,1446037194486296892,robocape,1490.0,1360.0
1446037194520146500,130,1446037194518897056,robocape,1493.0,1560.0
1446037194553036667,131,1446037194551733970,robocape,1493.0,1360.0
1446037194585920250,132,1446037194584594964,robocape,1485.0,1560.0
1446037194618838375,133,1446037194617484092,robocape,1486.0,1360.0
1446037194651597500,134,1446037194650352954,robocape,1486.0,1360.0
1446037194684454792,135,1446037194683217048,robocape,1486.0,1560.0
1446037194717355084,136,1446037194716043949,robocape,1492.0,1360.0
1446037194750211334,137,1446037194748900890,robocape,1490.0,1560.0
1446037194783080542,138,1446037194781776905,robocape,1494.0,1360.0
1446037194816145417,139,1446037194814804077,robocape,1493.0,1560.0
1446037194849405292,140,1446037194848087072,robocape,1488.0,1360.0
1446037194882488667,141,1446037194881171941,robocape,1485.0,1360.0
1446037194915462792,142,1446037194913997888,robocape,1486.0,1360.0
1446037194948180042,143,1446037194946937084,robocape,1492.0,1560.0
1446037194981077042,144,1446037194979229927,robocape,1492.0,1560.0
1446037195014119375,145,1446037195012358903,robocape,1490.0,1360.0
1446037195047362542,146,1446037195045314073,robocape,1492.0,1360.0
1446037195080026292,147,1446037195078692913,robocape,1485.0,1360.0
1446037195112137876,148,1446037195110894918,robocape,1489.0,1360.0
1446037195145232792,149,1446037195143989086,robocape,1484.0,1360.0
1446037195180210626,150,1446037195178845882,robocape,1492.0,1560.0
1446037195213557501,151,1446037195211086988,robocape,1492.0,1360.0
1446037195246087542,152,1446037195244095087,robocape,1493.0,1560.0
1446037195279731876,153,1446037195277229070,robocape,1490.0,1560.0
1446037195312997292,154,1446037195310765027,robocape,1486.0,1560.0
1446037195347057292,155,1446037195343018054,robocape,1485.0,1560.0
1446037195379769584,156,1446037195377518892,robocape,1486.0,1360.0
1446037195412987667,157,1446037195410763978,robocape,1488.0,1360.0
1446037195450770376,158,1446037195446820020,robocape,1493.0,1360.0
1446037195478852626,159,1446037195477355957,robocape,1492.0,1560.0
1446037195513306334,160,1446037195510946035,robocape,1494.0,1360.0
1446037195544783376,161,1446037195543312072,robocape,1490.0,1360.0
1446037195578067959,162,1446037195570915937,robocape,1486.0,1560.0
1446037195610785251,163,1446037195603776931,robocape,1485.0,1360.0
1446037195640461959,164,1446037195636656045,robocape,1488.0,1360.0
1446037195671483417,165,1446037195669631004,robocape,1492.0,1560.0
1446037195703927751,166,1446037195702266931,robocape,1492.0,1560.0
1446037195736811542,167,1446037195735141992,robocape,1490.0,1360.0
1446037195770030793,168,1446037195768078088,robocape,1493.0,1560.0
1446037195802767084,169,1446037195801038026,robocape,1486.0,1360.0
1446037195836831668,170,1446037195834395885,robocape,1488.0,1560.0
1446037195868421126,171,1446037195866823911,robocape,1485.0,1560.0
1446037195901765876,172,1446037195900063037,robocape,1494.0,1360.0
1446037195934911376,173,1446037195932627916,robocape,1492.0,1560.0
1446037195967225209,174,1446037195965321063,robocape,1494.0,1560.0
1446037196000286543,175,1446037195998117923,robocape,1492.0,1560.0
1446037196033152459,176,1446037196031352996,robocape,1488.0,1560.0
1446037196065861126,177,1446037196063870906,robocape,1486.0,1360.0
1446037196098749918,178,1446037196096724987,robocape,1486.0,1360.0
1446037196131300584,179,1446037196129626989,robocape,1485.0,1360.0
1446037196164319501,180,1446037196162612915,robocape,1493.0,1560.0
1446037196197362209,181,1446037196195681095,robocape,1490.0,1560.0
1446037196230509418,182,1446037196228441953,robocape,1493.0,1360.0
1446037196263049084,183,1446037196260652065,robocape,1492.0,1560.0
1446037196295560084,184,1446037196293488979,robocape,1486.0,1360.0
1446037196327734959,185,1446037196326405048,robocape,1486.0,1360.0
1446037196360769626,186,1446037196359411954,robocape,1488.0,1560.0
1446037196393381251,187,1446037196392147064,robocape,1493.0,1560.0
1446037196426245209,188,1446037196424947977,robocape,1494.0,1360.0
1446037196459504835,189,1446037196458164930,robocape,1490.0,1560.0
1446037196492122835,190,1446037196490819931,robocape,1493.0,1560.0
1446037196524885918,191,1446037196523572921,robocape,1485.0,1560.0
1446037196557712668,192,1446037196556469917,robocape,1488.0,1360.0
1446037196590562876,193,1446037196589323997,robocape,1482.0,1360.0
1446037196623424043,194,1446037196622133016,robocape,1494.0,1560.0
1446037196656405751,195,1446037196655041933,robocape,1492.0,1560.0
1446037196689176918,196,1446037196687865018,robocape,1494.0,1560.0
1446037196722229751,197,1446037196720882892,robocape,1490.0,1560.0
1446037196754939126,198,1446037196753690958,robocape,1486.0,1360.0
1446037196805061501,199,1446037196803301095,robocape,1485.0,1560.0
1446037196837839918,200,1446037196836178064,robocape,1488.0,1360.0
1446037196870877626,201,1446037196869223117,robocape,1493.0,1560.0
1446037196904118960,202,1446037196902375936,robocape,1492.0,1560.0
1446037196937306543,203,1446037196935058116,robocape,1493.0,1560.0
1446037196969448418,204,1446037196967569112,robocape,1493.0,1560.0
1446037197002415710,205,1446037197000437974,robocape,1486.0,1360.0
1446037197035131918,206,1446037197033492088,robocape,1488.0,1360.0
1446037197068002210,207,1446037197066241979,robocape,1488.0,1560.0
1446037197101073085,208,1446037197099109888,robocape,1488.0,1360.0
1446037197133633876,209,1446037197131922006,robocape,1493.0,1360.0
1446037197166435335,210,1446037197164762020,robocape,1493.0,1360.0
1446037197199374043,211,1446037197197710037,robocape,1493.0,1560.0
1446037197248042252,212,1446037197246716022,robocape,1488.0,1360.0
1446037197282104918,213,1446037197280420064,robocape,1486.0,1360.0
1446037197314384168,214,1446037197312938928,robocape,1485.0,1560.0
1446037197348146585,215,1446037197346117019,robocape,1493.0,1560.0
1446037197382310085,216,1446037197380824089,robocape,1493.0,1560.0
1446037197413074377,217,1446037197411134004,robocape,1493.0,1360.0
1446037197451614002,218,1446037197450242042,robocape,1492.0,1560.0
1446037197479830335,219,1446037197477472066,robocape,1486.0,1360.0
1446037197512950668,220,1446037197509789943,robocape,1486.0,1560.0
1446037197546110085,221,1446037197542798042,robocape,1488.0,1360.0
1446037197578681710,222,1446037197577359914,robocape,1484.0,1560.0
1446037197611882168,223,1446037197610559940,robocape,1494.0,1560.0
1446037197645892293,224,1446037197643815994,robocape,1492.0,1560.0
1446037197680190960,225,1446037197676145076,robocape,1494.0,1360.0
1446037197724406960,226,1446037197723084926,robocape,1485.0,1560.0
1446037197757291127,227,1446037197755964994,robocape,1486.0,1360.0
1446037197790103168,228,1446037197788851022,robocape,1486.0,1360.0
1446037197823112460,229,1446037197821748971,robocape,1492.0,1360.0
1446037197855932002,230,1446037197854546070,robocape,1492.0,1360.0
1446037197912048127,231,1446037197909948110,robocape,1493.0,1360.0
1446037197954259169,232,1446037197953001976,robocape,1494.0,1560.0
1446037197987214877,233,1446037197985821008,robocape,1493.0,1318.0
1446037198020013627,234,1446037198018661022,robocape,1488.0,1261.0
1446037198052749960,235,1446037198051446914,robocape,1486.0,1262.0
1446037198085752252,236,1446037198084434986,robocape,1488.0,1262.0
1446037198118548877,237,1446037198117222070,robocape,1486.0,1261.0
1446037198151754835,238,1446037198150417089,robocape,1493.0,1255.0
1446037198184705169,239,1446037198183284044,robocape,1495.0,1258.0
1446037198217358169,240,1446037198216056108,robocape,1488.0,1360.0
1446037198250793627,241,1446037198249102115,robocape,1488.0,1560.0
1446037198284640794,242,1446037198282840967,robocape,1488.0,1360.0
1446037198316138627,243,1446037198314810991,robocape,1492.0,1360.0
1446037198349873252,244,1446037198348154067,robocape,1493.0,1360.0
1446037198382633210,245,1446037198381046056,robocape,1493.0,1560.0
1446037198416675127,246,1446037198415045976,robocape,1493.0,1560.0
1446037198451428669,247,1446037198446661949,robocape,1488.0,1360.0
1446037198497898210,248,1446037198496189117,robocape,1485.0,1560.0
1446037198530695919,249,1446037198529021024,robocape,1488.0,1360.0
1446037198579713919,250,1446037198577747106,robocape,1493.0,1560.0
1446037198612845169,251,1446037198610815048,robocape,1492.0,1360.0
1446037198645968252,252,1446037198643948078,robocape,1493.0,1560.0
1446037198679598711,253,1446037198676340103,robocape,1488.0,1360.0
1446037198713216169,254,1446037198709395885,robocape,1486.0,1560.0
1446037198746021961,255,1446037198744704008,robocape,1486.0,1560.0
1446037198778575919,256,1446037198777347087,robocape,1486.0,1560.0
1446037198812443461,257,1446037198811119079,robocape,1494.0,1360.0
1446037198846499211,258,1446037198844304084,robocape,1493.0,1360.0
1446037198891370794,259,1446037198890099048,robocape,1485.0,1665.0
1446037198924293377,260,1446037198922832965,robocape,1488.0,1729.0
1446037198957013544,261,1446037198955689907,robocape,1486.0,1730.0
1446037198990162419,262,1446037198988818883,robocape,1494.0,1729.0
1446037199022832252,263,1446037199021544933,robocape,1492.0,1730.0
1446037199056070169,264,1446037199054682016,robocape,1494.0,1730.0
1446037199088597211,265,1446037199087157011,robocape,1493.0,1724.0
1446037199121324919,266,1446037199120009899,robocape,1490.0,1728.0
1446037199154150502,267,1446037199152832984,robocape,1486.0,1720.0
1446037199187040836,268,1446037199185708045,robocape,1490.0,1692.0
1446037199220545336,269,1446037199219218015,robocape,1485.0,1639.0
1446037199271058419,270,1446037199269670009,robocape,1489.0,1360.0
1446037199302623961,271,1446037199300904989,robocape,1495.0,1360.0
1446037199335705336,272,1446037199333914995,robocape,1494.0,1360.0
1446037199368246378,273,1446037199366638898,robocape,1494.0,1560.0
1446037199401540294,274,1446037199399523019,robocape,1489.0,1360.0
1446037199448465294,275,1446037199439973115,robocape,1490.0,1360.0
1446037199467028211,276,1446037199465172052,robocape,1490.0,1560.0
1446037199499798253,277,1446037199498121023,robocape,1489.0,1560.0
1446037199532762794,278,1446037199531058073,robocape,1495.0,1560.0
1446037199565522169,279,1446037199563889026,robocape,1497.0,1360.0
1446037199598400003,280,1446037199596720933,robocape,1497.0,1360.0
1446037199631383669,281,1446037199629688978,robocape,1497.0,1360.0
1446037199664548836,282,1446037199662867069,robocape,1490.0,1560.0
1446037199697451378,283,1446037199695683956,robocape,1492.0,1360.0
1446037199730267211,284,1446037199728530883,robocape,1490.0,1560.0
1446037199762809586,285,1446037199760615110,robocape,1497.0,1560.0
1446037199795541669,286,1446037199793499946,robocape,1497.0,1560.0
1446037199828489336,287,1446037199826517105,robocape,1494.0,1360.0
1446037199860873169,288,1446037199859505891,robocape,1494.0,1560.0
1446037199893411669,289,1446037199892159938,robocape,1489.0,1560.0
1446037199926313211,290,1446037199924921989,robocape,1489.0,1360.0
1446037199979355545,291,1446037199977243900,robocape,1488.0,1560.0
1446037200012707920,292,1446037200010564088,robocape,1493.0,1360.0
1446037200045307586,293,1446037200043976068,robocape,1494.0,1360.0
1446037200079544086,294,1446037200077302932,robocape,1492.0,1560.0
1446037200111942961,295,1446037200110445976,robocape,1494.0,1360.0
1446037200144993461,296,1446037200143675088,robocape,1488.0,1560.0
1446037200177557836,297,1446037200176209926,robocape,1489.0,1360.0
1446037200212405295,298,1446037200209958076,robocape,1486.0,1560.0
1446037200244334253,299,1446037200242994070,robocape,1495.0,1560.0
1446037200277356378,300,1446037200270334005,robocape,1493.0,1360.0
1446037200310490003,301,1446037200303215980,robocape,1498.0,1360.0
1446037200338022586,302,1446037200336184978,robocape,1492.0,1560.0
1446037200370933003,303,1446037200369244098,robocape,1489.0,1560.0
1446037200403532711,304,1446037200401897907,robocape,1488.0,1360.0
1446037200449815503,305,1446037200448379993,robocape,1489.0,1360.0
1446037200469461253,306,1446037200467580080,robocape,1486.0,1360.0
1446037200502686003,307,1446037200500621080,robocape,1497.0,1360.0
1446037200535000628,308,1446037200533303022,robocape,1493.0,1560.0
1446037200567858170,309,1446037200566153049,robocape,1495.0,1560.0
1446037200600712378,310,1446037200599061965,robocape,1494.0,1560.0
1446037200633606878,311,1446037200631932020,robocape,1492.0,1560.0
1446037200666569795,312,1446037200664844989,robocape,1489.0,1614.0
1446037200699534212,313,1446037200697844982,robocape,1497.0,1657.0
1446037200732448795,314,1446037200730770111,robocape,1497.0,1698.0
1446037200765820837,315,1446037200764131069,robocape,1498.0,1713.0
1446037200798404712,316,1446037200796689033,robocape,1492.0,1702.0
1446037200831220253,317,1446037200829585075,robocape,1493.0,1666.0
1446037200864508587,318,1446037200862318992,robocape,1490.0,1614.0
1446037200897246462,319,1446037200895230054,robocape,1492.0,1565.0
1446037200929595253,320,1446037200927834033,robocape,1492.0,1360.0
1446037200961983503,321,1446037200960164070,robocape,1501.0,1360.0
1446037200995077378,322,1446037200993159055,robocape,1499.0,1360.0
1446037201027269753,323,1446037201025872945,robocape,1499.0,1360.0
1446037201060094837,324,1446037201058780908,robocape,1498.0,1560.0
1446037201092941795,325,1446037201091648101,robocape,1493.0,1560.0
1446037201125943670,326,1446037201124511003,robocape,1492.0,1560.0
1446037201158664128,327,1446037201157358884,robocape,1494.0,1560.0
1446037201191753128,328,1446037201190423011,robocape,1493.0,1560.0
1446037201224380045,329,1446037201223059892,robocape,1501.0,1560.0
1446037201257295045,330,1446037201255968093,robocape,1498.0,1360.0
1446037201290663378,331,1446037201289056062,robocape,1502.0,1360.0
1446037201322957795,332,1446037201321680068,robocape,1490.0,1360.0
1446037201355921754,333,1446037201354512929,robocape,1493.0,1560.0
1446037201388996295,334,1446037201387537002,robocape,1492.0,1560.0
1446037201421893087,335,1446037201420566082,robocape,1494.0,1360.0
1446037201455238420,336,1446037201453875064,robocape,1499.0,1360.0
1446037201487265129,337,1446037201486022949,robocape,1499.0,1360.0
1446037201520741170,338,1446037201519030094,robocape,1498.0,1360.0
1446037201553002379,339,1446037201551696062,robocape,1501.0,1560.0
1446037201585920837,340,1446037201584573030,robocape,1492.0,1560.0
1446037201618820045,341,1446037201617460966,robocape,1494.0,1360.0
1446037201651573045,342,1446037201650337934,robocape,1492.0,1560.0
1446037201684480629,343,1446037201683218955,robocape,1502.0,1560.0
1446037201717461212,344,1446037201716204881,robocape,1501.0,1560.0
1446037201750393629,345,1446037201749079942,robocape,1502.0,1560.0
1446037201783897754,346,1446037201782367944,robocape,1497.0,1360.0
1446037201815986212,347,1446037201814670085,robocape,1494.0,1360.0
1446037201849457462,348,1446037201848134040,robocape,1493.0,1560.0
1446037201882508004,349,1446037201881021976,robocape,1494.0,1560.0
1446037201915160837,350,1446037201913912057,robocape,1492.0,1560.0
1446037201947989462,351,1446037201946755886,robocape,1501.0,1360.0
1446037201980903670,352,1446037201979577064,robocape,1497.0,1560.0
1446037202013792712,353,1446037202012475967,robocape,1501.0,1360.0
1446037202046704712,354,1446037202045377969,robocape,1490.0,1360.0
1446037202079045504,355,1446037202077807903,robocape,1494.0,1560.0
1446037202112652962,356,1446037202110588073,robocape,1490.0,1560.0
1446037202146162921,357,1446037202144149065,robocape,1493.0,1560.0
1446037202181061587,358,1446037202176672935,robocape,1497.0,1560.0
1446037202212888754,359,1446037202209451913,robocape,1499.0,1360.0
1446037202246024837,360,1446037202242409944,robocape,1499.0,1560.0
1446037202279851212,361,1446037202277832031,robocape,1499.0,1360.0
1446037202312895296,362,1446037202310847043,robocape,1490.0,1360.0
1446037202345247504,363,1446037202343930959,robocape,1493.0,1560.0
1446037202380003004,364,1446037202376516103,robocape,1490.0,1560.0
1446037202411813254,365,1446037202410516977,robocape,1499.0,1560.0
1446037202451290421,366,1446037202444581031,robocape,1498.0,1360.0
1446037202480050129,367,1446037202477763891,robocape,1498.0,1360.0
1446037202511681712,368,1446037202510353088,robocape,1498.0,1560.0
1446037202544713962,369,1446037202543404102,robocape,1493.0,1360.0
1446037202578205671,370,1446037202576832056,robocape,1490.0,1360.0
1446037202610410796,371,1446037202603774070,robocape,1494.0,1560.0
1446037202643583504,372,1446037202636895895,robocape,1494.0,1560.0
1446037202673649921,373,1446037202669775962,robocape,1501.0,1560.0
1446037202704280921,374,1446037202702656984,robocape,1497.0,1360.0
1446037202737031046,375,1446037202735194921,robocape,1498.0,1560.0
1446037202769762629,376,1446037202768079996,robocape,1490.0,1560.0
1446037202803054546,377,1446037202801131010,robocape,1492.0,1560.0
1446037202835711838,378,1446037202833839893,robocape,1490.0,1360.0
1446037202868282754,379,1446037202866642951,robocape,1494.0,1560.0
1446037202901340629,380,1446037202899485111,robocape,1498.0,1560.0
1446037202934260213,381,1446037202932491064,robocape,1514.0,1560.0
1446037202967318129,382,1446037202965342998,robocape,1556.0,1360.0
1446037202999875254,383,1446037202998208045,robocape,1576.0,1560.0
1446037203033482713,384,1446037203031335115,robocape,1599.0,1360.0
1446037203065683629,385,1446037203064074993,robocape,1665.0,1560.0
1446037203099168629,386,1446037203097455978,robocape,1716.0,1360.0
1446037203131563588,387,1446037203129873037,robocape,1737.0,1560.0
1446037203164744504,388,1446037203162693023,robocape,1736.0,1360.0
1446037203198017213,389,1446037203196314096,robocape,1732.0,1560.0
1446037203230581296,390,1446037203228636980,robocape,1729.0,1360.0
1446037203263088338,391,1446037203261368989,robocape,1730.0,1560.0
1446037203295662588,392,1446037203293694972,robocape,1747.0,1360.0
1446037203328507504,393,1446037203326694011,robocape,1763.0,1360.0
1446037203360869213,394,1446037203359513998,robocape,1765.0,1360.0
1446037203393711004,395,1446037203392460107,robocape,1768.0,1360.0
1446037203426645546,396,1446037203425375938,robocape,1768.0,1360.0
1446037203459503296,397,1446037203458177089,robocape,1780.0,1360.0
1446037203492272546,398,1446037203490943908,robocape,1783.0,1360.0
1446037203525433838,399,1446037203523914098,robocape,1784.0,1360.0
1446037203558151046,400,1446037203556766986,robocape,1778.0,1360.0
1446037203590968171,401,1446037203589679002,robocape,1766.0,1360.0
1446037203624009046,402,1446037203622637033,robocape,1763.0,1560.0
1446037203656573005,403,1446037203655246973,robocape,1763.0,1360.0
1446037203689430088,404,1446037203688079118,robocape,1758.0,1360.0
1446037203744606838,405,1446037203743288993,robocape,1759.0,1360.0
1446037203777524005,406,1446037203770648956,robocape,1759.0,1360.0
1446037203820905921,407,1446037203819578886,robocape,1758.0,1360.0
1446037203871028755,408,1446037203869276046,robocape,1767.0,1360.0
1446037203903812921,409,1446037203902108907,robocape,1766.0,1360.0
1446037203936747130,410,1446037203935128927,robocape,1762.0,1360.0
1446037203969415546,411,1446037203967746973,robocape,1762.0,1560.0
1446037204002443005,412,1446037204000725030,robocape,1763.0,1360.0
1446037204035607296,413,1446037204033648967,robocape,1762.0,1560.0
1446037204068131338,414,1446037204066463947,robocape,1761.0,1360.0
1446037204101457046,415,1446037204099792957,robocape,1770.0,1360.0
1446037204150159922,416,1446037204148842096,robocape,1761.0,1360.0
1446037204182450922,417,1446037204181139945,robocape,1763.0,1360.0
1446037204215921922,418,1446037204214664936,robocape,1761.0,1360.0
1446037204265316505,419,1446037204263607978,robocape,1761.0,1360.0
1446037204298316713,420,1446037204296607971,robocape,1762.0,1560.0
1446037204331497672,421,1446037204329472064,robocape,1767.0,1360.0
1446037204364135797,422,1446037204362446069,robocape,1770.0,1360.0
1446037204397228713,423,1446037204395319938,robocape,1762.0,1360.0
1446037204430397297,424,1446037204428555965,robocape,1762.0,1560.0
1446037204462411880,425,1446037204460406064,robocape,1762.0,1360.0
1446037204495286797,426,1446037204493241071,robocape,1763.0,1360.0
1446037204527536255,427,1446037204526165962,robocape,1761.0,1360.0
1446037204560310130,428,1446037204559010982,robocape,1762.0,1360.0
1446037204593224463,429,1446037204591895103,robocape,1770.0,1560.0
1446037204626369713,430,1446037204624835968,robocape,1770.0,1360.0
1446037204658846088,431,1446037204657593011,robocape,1762.0,1560.0
1446037204692131755,432,1446037204690850973,robocape,1763.0,1360.0
1446037204724901005,433,1446037204723325967,robocape,1763.0,1560.0
1446037204757498922,434,1446037204756170988,robocape,1766.0,1360.0
1446037204790392755,435,1446037204789067029,robocape,1768.0,1560.0
1446037204823250130,436,1446037204821964979,robocape,1774.0,1360.0
1446037204856519589,437,1446037204855129957,robocape,1774.0,1360.0
1446037204889223922,438,1446037204887907981,robocape,1767.0,1560.0
1446037204944166755,439,1446037204942924022,robocape,1766.0,1585.0
1446037204987725880,440,1446037204986381053,robocape,1766.0,1591.0
1446037205020475797,441,1446037205019215106,robocape,1765.0,1593.0
1446037205053316339,442,1446037205052066087,robocape,1770.0,1578.0
1446037205103888464,443,1446037205101747989,robocape,1763.0,1578.0
1446037205136267214,444,1446037205134576082,robocape,1762.0,1577.0
1446037205184999130,445,1446037205183543920,robocape,1762.0,1583.0
1446037205217636339,446,1446037205216382026,robocape,1765.0,1585.0
1446037205250519505,447,1446037205249203920,robocape,1765.0,1578.0
1446037205283633464,448,1446037205282314062,robocape,1770.0,1360.0
1446037205316223214,449,1446037205314887046,robocape,1770.0,1560.0
1446037205349737464,450,1446037205348263978,robocape,1763.0,1360.0
1446037205382647880,451,1446037205381302118,robocape,1763.0,1360.0
1446037205416015880,452,1446037205414592981,robocape,1765.0,1360.0
1446037205454163672,453,1446037205449516057,robocape,1762.0,1360.0
1446037205531381755,454,1446037205529542922,robocape,1770.0,1360.0
1446037205564057297,455,1446037205562386989,robocape,1770.0,1560.0
1446037205597667381,456,1446037205595063924,robocape,1765.0,1560.0
1446037205629298547,457,1446037205627268075,robocape,1766.0,1560.0
1446037205679422297,458,1446037205677181005,robocape,1763.0,1360.0
1446037205712668297,459,1446037205711345911,robocape,1765.0,1360.0
1446037205759837422,460,1446037205758514881,robocape,1766.0,1560.0
1446037205792710631,461,1446037205791393041,robocape,1770.0,1360.0
1446037205846242381,462,1446037205844158887,robocape,1763.0,1360.0
1446037205891465006,463,1446037205890209913,robocape,1766.0,1360.0
1446037205924134006,464,1446037205922821044,robocape,1765.0,1560.0
1446037205978267381,465,1446037205976960897,robocape,1766.0,1560.0
1446037206055597797,466,1446037206054337024,robocape,1770.0,1360.0
1446037206088431714,467,1446037206087160110,robocape,1765.0,1560.0
1446037206187224631,468,1446037206185863018,robocape,1762.0,1560.0
1446037206237455881,469,1446037206235426902,robocape,1765.0,1560.0
1446037206285634839,470,1446037206284354925,robocape,1770.0,1360.0
1446037206318560714,471,1446037206317265033,robocape,1765.0,1560.0
1446037206482869714,472,1446037206481560945,robocape,1765.0,1360.0
1446037206599074339,473,1446037206596927881,robocape,1765.0,1560.0
1446037206779703881,474,1446037206777745008,robocape,1763.0,1560.0
1446037206946025465,475,1446037206943759918,robocape,1763.0,1560.0
1446037207112202381,476,1446037207110977888,robocape,1763.0,1360.0
1446037207146142048,477,1446037207143923044,robocape,1765.0,1560.0
1446037207309348798,478,1446037207303451061,robocape,1765.0,1360.0
1446037207353760756,479,1446037207352334976,robocape,1704.0,1560.0
1446037207469451548,480,1446037207467770099,robocape,1711.0,1360.0
1446037207535319173,481,1446037207533659934,robocape,1763.0,1360.0
1446037207633947340,482,1446037207632308959,robocape,1763.0,1360.0
1446037207831276507,483,1446037207829632997,robocape,1763.0,1560.0
1446037207864188715,484,1446037207862453937,robocape,1763.0,1360.0
1446037207913667340,485,1446037207911930084,robocape,1763.0,1560.0
1446037207948148923,486,1446037207946023941,robocape,1772.0,1360.0
1446037207995361007,487,1446037207993341922,robocape,1771.0,1360.0
1446037208046374257,488,1446037208044186115,robocape,1765.0,1360.0
1446037208278336673,489,1446037208277126073,robocape,1771.0,1360.0
1446037208449851715,490,1446037208446469068,robocape,1772.0,1560.0
1446037208652094465,491,1446037208650788068,robocape,1765.0,1360.0
1446037208817249215,492,1446037208815937042,robocape,1766.0,1560.0
1446037209014018090,493,1446037209012717008,robocape,1763.0,1360.0
1446037209687164507,494,1446037209685859918,robocape,1768.0,1360.0
1446037209818501924,495,1446037209817198038,robocape,1765.0,1360.0
1446037209917042799,496,1446037209915816068,robocape,1765.0,1560.0
1446037209949869924,497,1446037209948636054,robocape,1763.0,1360.0
1446037210065836716,498,1446037210064157009,robocape,1762.0,1360.0
1446037210393579383,499,1446037210392348051,robocape,1768.0,1560.0
1446037210492169841,500,1446037210490875959,robocape,1767.0,1360.0
1446037210612487425,501,1446037210610498905,robocape,1770.0,1360.0
1446037210656538341,502,1446037210655186891,robocape,1771.0,1360.0
1446037210711290300,503,1446037210709928989,robocape,1766.0,1560.0
1446037210755280133,504,1446037210753958940,robocape,1763.0,1360.0
1446037210787888466,505,1446037210786664962,robocape,1763.0,1560.0
1446037210820780466,506,1446037210819513082,robocape,1765.0,1360.0
1446037210969388675,507,1446037210967734098,robocape,1770.0,1560.0
1446037211051020383,508,1446037211049597978,robocape,1765.0,1560.0
1446037211451396092,509,1446037211446373939,robocape,1761.0,1360.0
1446037211679156258,510,1446037211677136898,robocape,1763.0,1560.0
1446037211757334842,511,1446037211755877017,robocape,1684.0,1360.0
1446037211790094383,512,1446037211788862943,robocape,1557.0,1560.0
1446037211877946259,513,1446037211876705884,robocape,1541.0,1360.0
1446037211910673550,514,1446037211904112100,robocape,1531.0,1360.0
1446037211954222384,515,1446037211952999114,robocape,1527.0,1360.0
1446037212070206925,516,1446037212068546056,robocape,1528.0,1360.0
1446037212151582509,517,1446037212150355100,robocape,1535.0,1560.0
1446037212184418717,518,1446037212183172941,robocape,1527.0,1560.0
1446037212316493634,519,1446037212315186023,robocape,1527.0,1351.0
1446037212414922259,520,1446037212413702964,robocape,1531.0,1338.0
1446037212579538967,521,1446037212577858924,robocape,1524.0,1338.0
1446037212679320592,522,1446037212676229953,robocape,1532.0,1334.0
1446037212825073676,523,1446037212823852062,robocape,1530.0,1321.0
1446037212923660259,524,1446037212922365903,robocape,1532.0,1327.0
1446037212956577092,525,1446037212955286979,robocape,1534.0,1330.0
1446037213144517884,526,1446037213136496067,robocape,1536.0,1327.0
1446037213236926176,527,1446037213235236883,robocape,1540.0,1326.0
1446037213318175551,528,1446037213316775083,robocape,1545.0,1321.0
1446037213368338801,529,1446037213366529941,robocape,1545.0,1327.0
1446037213401146551,530,1446037213399215936,robocape,1485.0,1327.0
1446037213516107634,531,1446037213514796972,robocape,1539.0,1329.0
1446037213647626468,532,1446037213646277904,robocape,1545.0,1321.0
1446037213779337134,533,1446037213777328014,robocape,1539.0,1360.0
1446037213959258510,534,1446037213957824945,robocape,1544.0,1352.0
1446037214962388635,535,1446037214960100889,robocape,1560.0,1560.0
1446037215059999593,536,1446037215058691978,robocape,1514.0,1560.0
1446037215092791177,537,1446037215091563940,robocape,1499.0,1360.0
1446037215146169843,538,1446037215143800020,robocape,1489.0,1360.0
1446037215178786260,539,1446037215177547931,robocape,1494.0,1560.0
1446037215212012260,540,1446037215210791110,robocape,1493.0,1560.0
1446037215246236802,541,1446037215242398977,robocape,1492.0,1560.0
1446037215290079385,542,1446037215288847923,robocape,1490.0,1360.0
1446037215322888218,543,1446037215321660041,robocape,1485.0,1360.0
1446037215355758052,544,1446037215354444980,robocape,1486.0,1560.0
1446037215388621260,545,1446037215387300968,robocape,1484.0,1360.0
1446037215471519760,546,1446037215469827890,robocape,1493.0,1560.0
1446037215504274844,547,1446037215502643108,robocape,1493.0,1560.0
1446037215553830177,548,1446037215551613092,robocape,1485.0,1560.0
1446037215585768302,549,1446037215584472894,robocape,1485.0,1560.0
1446037215635786802,550,1446037215634187936,robocape,1486.0,1360.0
1446037215684402344,551,1446037215683146953,robocape,1493.0,1560.0
1446037215734456719,552,1446037215732800960,robocape,1493.0,1560.0
1446037215767507552,553,1446037215765809059,robocape,1486.0,1560.0
1446037215800536135,554,1446037215798552036,robocape,1489.0,1360.0
1446037215832977260,555,1446037215831377983,robocape,1486.0,1360.0
1446037215948201052,556,1446037215946835994,robocape,1493.0,1560.0
1446037215980823510,557,1446037215979496002,robocape,1493.0,1360.0
1446037216013709177,558,1446037216012392997,robocape,1486.0,1360.0
1446037216063519177,559,1446037216061690092,robocape,1486.0,1560.0
1446037216096265552,560,1446037216093909025,robocape,1485.0,1360.0
1446037216128673427,561,1446037216126777887,robocape,1493.0,1560.0
1446037216160999011,562,1446037216159677982,robocape,1494.0,1360.0
1446037216193996761,563,1446037216192719936,robocape,1495.0,1560.0
1446037216293060677,564,1446037216291709899,robocape,1494.0,1560.0
1446037216412901469,565,1446037216410734891,robocape,1493.0,1560.0
1446037216450167386,566,1446037216443962097,robocape,1490.0,1360.0
1446037216479262219,567,1446037216477210044,robocape,1493.0,1560.0
1446037216522380219,568,1446037216521136999,robocape,1486.0,1560.0
1446037216555616761,569,1446037216553937911,robocape,1486.0,1360.0
1446037216588107427,570,1446037216586817026,robocape,1486.0,1360.0
1446037216621040969,571,1446037216619708061,robocape,1497.0,1360.0
1446037216653922844,572,1446037216652594089,robocape,1501.0,1360.0
1446037216686733552,573,1446037216685470104,robocape,1497.0,1560.0
1446037216719600094,574,1446037216718355894,robocape,1498.0,1360.0
1446037216752478553,575,1446037216751171112,robocape,1493.0,1560.0
1446037216802529761,576,1446037216800821065,robocape,1492.0,1360.0
1446037216835475219,577,1446037216833786010,robocape,1493.0,1560.0
1446037216868673136,578,1446037216866714000,robocape,1518.0,1560.0
1446037216901124386,579,1446037216899450063,robocape,1502.0,1560.0
1446037216933986719,580,1446037216932324886,robocape,1499.0,1360.0
1446037216967318719,581,1446037216965248107,robocape,1492.0,1360.0
1446037216999867719,582,1446037216998193979,robocape,1494.0,1560.0
1446037217032683136,583,1446037217030915975,robocape,1492.0,1360.0
1446037217066114886,584,1446037217064265012,robocape,1494.0,1360.0
1446037217098275344,585,1446037217096609115,robocape,1498.0,1360.0
1446037217131209761,586,1446037217129538059,robocape,1495.0,1360.0
1446037217163865969,587,1446037217162341117,robocape,1497.0,1560.0
1446037217197690928,588,1446037217195764064,robocape,1498.0,1360.0
1446037217230045761,589,1446037217228338003,robocape,1489.0,1560.0
1446037217327627719,590,1446037217326293945,robocape,1495.0,1560.0
1446037217360342094,591,1446037217359077930,robocape,1465.0,1560.0
1446037217393301678,592,1446037217392065048,robocape,1393.0,1360.0
1446037217426126053,593,1446037217424841880,robocape,1438.0,1560.0
1446037217460127261,594,1446037217458844900,robocape,1482.0,1360.0
1446037217491899303,595,1446037217490557909,robocape,1469.0,1360.0
1446037217524794136,596,1446037217523490905,robocape,1485.0,1560.0
1446037217557810595,597,1446037217556385040,robocape,1505.0,1360.0
1446037217590466553,598,1446037217589210987,robocape,1499.0,1360.0
1446037217623357928,599,1446037217622067928,robocape,1498.0,1560.0
1446037217656274220,600,1446037217654941082,robocape,1514.0,1360.0
1446037217689134220,601,1446037217687805891,robocape,1497.0,1560.0
1446037217721893470,602,1446037217720664978,robocape,1492.0,1360.0
1446037217754806428,603,1446037217753540992,robocape,1490.0,1360.0
1446037217787727345,604,1446037217786484956,robocape,1492.0,1560.0
1446037217820509261,605,1446037217819210052,robocape,1495.0,1560.0
1446037217936874720,606,1446037217934540987,robocape,1490.0,1360.0
1446037217970266803,607,1446037217968556880,robocape,1493.0,1560.0
1446037218002267470,608,1446037218000287055,robocape,1489.0,1560.0
1446037218034934386,609,1446037218033267974,robocape,1492.0,1360.0
1446037218068993345,610,1446037218066301107,robocape,1499.0,1360.0
1446037218100563553,611,1446037218098946094,robocape,1498.0,1360.0
1446037218133495262,612,1446037218131814002,robocape,1484.0,1560.0
1446037218166618512,613,1446037218164732933,robocape,1486.0,1560.0
1446037218199343512,614,1446037218197664976,robocape,1493.0,1560.0
1446037218280822887,615,1446037218279460906,robocape,1494.0,1560.0
1446037218331145012,616,1446037218329267978,robocape,1485.0,1360.0
1446037218429568887,617,1446037218427215099,robocape,1493.0,1560.0
1446037218462414095,618,1446037218460037946,robocape,1492.0,1560.0
1446037218494402345,619,1446037218492906093,robocape,1490.0,1560.0
1446037218527092637,620,1446037218525765895,robocape,1497.0,1360.0
1446037218560241595,621,1446037218558937072,robocape,1497.0,1560.0
1446037218592781845,622,1446037218591552019,robocape,1497.0,1560.0
1446037218625639887,623,1446037218624408006,robocape,1498.0,1360.0
1446037218658624178,624,1446037218657238960,robocape,1499.0,1360.0
1446037218691433053,625,1446037218690112113,robocape,1495.0,1560.0
1446037218724383345,626,1446037218723069906,robocape,1493.0,1360.0
1446037218757342887,627,1446037218755882024,robocape,1494.0,1560.0
1446037218811599095,628,1446037218810374021,robocape,1498.0,1360.0
1446037218844843429,629,1446037218843616962,robocape,1495.0,1560.0
1446037218879135137,630,1446037218877773046,robocape,1497.0,1360.0
1446037218921573845,631,1446037218920270919,robocape,1494.0,1560.0
1446037218954344804,632,1446037218953073024,robocape,1494.0,1560.0
1446037218987178262,633,1446037218985934019,robocape,1492.0,1560.0
1446037219020109720,634,1446037219018763065,robocape,1499.0,1560.0
1446037219053488595,635,1446037219052217960,robocape,1498.0,1360.0
1446037219085956887,636,1446037219084465980,robocape,1501.0,1360.0
1446037219118821762,637,1446037219117505073,robocape,1497.0,1360.0
1446037219151694554,638,1446037219150269031,robocape,1492.0,1360.0
1446037219184353512,639,1446037219183109045,robocape,1492.0,1360.0
1446037219217345304,640,1446037219216052055,robocape,1492.0,1360.0
1446037219250379304,641,1446037219249063014,robocape,1498.0,1560.0
1446037219300302887,642,1446037219298598051,robocape,1499.0,1360.0
1446037219332931554,643,1446037219331265926,robocape,1494.0,1360.0
1446037219366271929,644,1446037219364157915,robocape,1495.0,1560.0
1446037219398786762,645,1446037219397056102,robocape,1489.0,1560.0
1446037219431781054,646,1446037219430026054,robocape,1489.0,1360.0
1446037219464656470,647,1446037219462959051,robocape,1486.0,1360.0
1446037219497897304,648,1446037219496234893,robocape,1494.0,1360.0
1446037219530507137,649,1446037219528860092,robocape,1494.0,1360.0
1446037219563916846,650,1446037219561774969,robocape,1494.0,1560.0
1446037219612403512,651,1446037219610521078,robocape,1494.0,1360.0
1446037219645295471,652,1446037219643994092,robocape,1488.0,1560.0
1446037219685310554,653,1446037219680768966,robocape,1488.0,1560.0
1446037219726584262,654,1446037219725291013,robocape,1492.0,1560.0
1446037219759498429,655,1446037219758174896,robocape,1494.0,1560.0
1446037219812537471,656,1446037219810518980,robocape,1494.0,1560.0
1446037219845825054,657,1446037219843760967,robocape,1494.0,1360.0
1446037219878992887,658,1446037219877537012,robocape,1489.0,1360.0
1446037219923829512,659,1446037219922486066,robocape,1488.0,1560.0
1446037219956722304,660,1446037219955388069,robocape,1489.0,1360.0
1446037219989624346,661,1446037219988276958,robocape,1493.0,1360.0
1446037220022473137,662,1446037220021241903,robocape,1493.0,1560.0
1446037220055561012,663,1446037220054333925,robocape,1493.0,1360.0
1446037220089627137,664,1446037220087076902,robocape,1494.0,1360.0
1446037220120995554,665,1446037220119688987,robocape,1489.0,1360.0
1446037220154144054,666,1446037220152560949,robocape,1489.0,1560.0
1446037220186723721,667,1446037220185432910,robocape,1485.0,1560.0
1446037220219714221,668,1446037220218312978,robocape,1494.0,1560.0
1446037220252449179,669,1446037220251157045,robocape,1493.0,1360.0
1446037220285464763,670,1446037220284130096,robocape,1495.0,1560.0
1446037220318499929,671,1446037220317028045,robocape,1493.0,1560.0
1446037220351143846,672,1446037220349752902,robocape,1489.0,1360.0
1446037220387932013,673,1446037220386451959,robocape,1489.0,1560.0
1446037220416732929,674,1446037220415491104,robocape,1489.0,1360.0
1446037220450055554,675,1446037220448777914,robocape,1489.0,1560.0
1446037220482739304,676,1446037220481214046,robocape,1498.0,1560.0
1446037220515389304,677,1446037220514084100,robocape,1510.0,1360.0
1446037220548254721,678,1446037220546937942,robocape,1505.0,1560.0
1446037220581068721,679,1446037220579812049,robocape,1468.0,1360.0
1446037220631231929,680,1446037220629561901,robocape,1474.0,1560.0
1446037220664408763,681,1446037220662475109,robocape,1488.0,1560.0
1446037220713366721,682,1446037220712045907,robocape,1499.0,1360.0
1446037220746209596,683,1446037220744363069,robocape,1495.0,1360.0
1446037220779409554,684,1446037220778067111,robocape,1495.0,1360.0
1446037220812058929,685,1446037220810719966,robocape,1494.0,1560.0
1446037220846160304,686,1446037220844134092,robocape,1488.0,1560.0
1446037220879801388,687,1446037220878535985,robocape,1486.0,1360.0
1446037220912570971,688,1446037220910567998,robocape,1488.0,1360.0
1446037220945775971,689,1446037220943783044,robocape,1493.0,1360.0
1446037220979701680,690,1446037220977628946,robocape,1494.0,1560.0
1446037221014001638,691,1446037221012636899,robocape,1494.0,1560.0
1446037221045233888,692,1446037221043915987,robocape,1493.0,1560.0
1446037221079609555,693,1446037221077508926,robocape,1489.0,1360.0
1446037221144503555,694,1446037221143280029,robocape,1492.0,1560.0
1446037221177904055,695,1446037221176620960,robocape,1497.0,1560.0
1446037221211477096,696,1446037221210170030,robocape,1495.0,1560.0
1446037221244248805,697,1446037221237366914,robocape,1497.0,1560.0
1446037221277432430,698,1446037221270380020,robocape,1499.0,1360.0
1446037221304902971,699,1446037221303277969,robocape,1490.0,1560.0
1446037221353334680,700,1446037221352066993,robocape,1490.0,1560.0
1446037221386306013,701,1446037221385051965,robocape,1493.0,1360.0
1446037221419109638,702,1446037221417850017,robocape,1501.0,1560.0
1446037221454788930,703,1446037221453418970,robocape,1498.0,1360.0
1446037221484816596,704,1446037221483520984,robocape,1499.0,1560.0
1446037221517729305,705,1446037221516405105,robocape,1498.0,1360.0
1446037221550706513,706,1446037221549256086,robocape,1492.0,1360.0
1446037221583446680,707,1446037221582139015,robocape,1490.0,1560.0
1446037221616281930,708,1446037221615029096,robocape,1492.0,1360.0
1446037221649173305,709,1446037221647934913,robocape,1490.0,1560.0
1446037221683519930,710,1446037221682197093,robocape,1497.0,1560.0
1446037221715088805,711,1446037221713706016,robocape,1498.0,1360.0
1446037221748516472,712,1446037221746774911,robocape,1505.0,1360.0
1446037221782941222,713,1446037221781634092,robocape,1509.0,1360.0
1446037221814384138,714,1446037221813070058,robocape,1506.0,1360.0
1446037221846945263,715,1446037221845710039,robocape,1499.0,1560.0
1446037221881020555,716,1446037221879697084,robocape,1495.0,1560.0
1446037221913902388,717,1446037221911900997,robocape,1501.0,1360.0
1446037221946068013,718,1446037221944065093,robocape,1501.0,1360.0
1446037221979679097,719,1446037221977602005,robocape,1499.0,1560.0
1446037222014500972,720,1446037222012470006,robocape,1501.0,1560.0
1446037222045926430,721,1446037222043939113,robocape,1494.0,1560.0
1446037222079741055,722,1446037222077737092,robocape,1495.0,1360.0
1446037222113847347,723,1446037222111819982,robocape,1493.0,1360.0
1446037222146084222,724,1446037222144051074,robocape,1499.0,1560.0
1446037222178932472,725,1446037222177700996,robocape,1498.0,1560.0
1446037222214624263,726,1446037222210894107,robocape,1499.0,1560.0
1446037222247052138,727,1446037222243247985,robocape,1498.0,1560.0
1446037222289939263,728,1446037222288700103,robocape,1490.0,1560.0
1446037222322987889,729,1446037222321542024,robocape,1492.0,1560.0
1446037222355685847,730,1446037222354398965,robocape,1490.0,1360.0
1446037222388586764,731,1446037222387243986,robocape,1498.0,1560.0
1446037222421583305,732,1446037222420227050,robocape,1509.0,1560.0
1446037222454669264,733,1446037222453315019,robocape,1536.0,1560.0
1446037222487161472,734,1446037222485914945,robocape,1528.0,1560.0
1446037222520020680,735,1446037222518726110,robocape,1502.0,1360.0
1446037222553022055,736,1446037222551584959,robocape,1498.0,1360.0
1446037222585775680,737,1446037222584462881,robocape,1498.0,1360.0
1446037222618674847,738,1446037222617362022,robocape,1502.0,1360.0
1446037222651459305,739,1446037222650223016,robocape,1499.0,1560.0
1446037222684347097,740,1446037222683087110,robocape,1499.0,1360.0
1446037222717257180,741,1446037222715923070,robocape,1498.0,1560.0
1446037222750407764,742,1446037222749097108,robocape,1493.0,1360.0
1446037222783068430,743,1446037222781723022,robocape,1489.0,1360.0
1446037222816485139,744,1446037222815159082,robocape,1488.0,1560.0
1446037222849383930,745,1446037222848051071,robocape,1490.0,1560.0
1446037222881578972,746,1446037222880285024,robocape,1495.0,1360.0
1446037222914387722,747,1446037222913089990,robocape,1494.0,1360.0
1446037222947893430,748,1446037222946650028,robocape,1494.0,1560.0
1446037222981183472,749,1446037222979929924,robocape,1495.0,1360.0
1446037223013586805,750,1446037223012280941,robocape,1486.0,1360.0
1446037223046662472,751,1446037223044862031,robocape,1488.0,1360.0
1446037223079833347,752,1446037223077728986,robocape,1486.0,1560.0
1446037223112472431,753,1446037223111246109,robocape,1493.0,1560.0
1446037223145863389,754,1446037223143800020,robocape,1493.0,1560.0
1446037223180004972,755,1446037223177702903,robocape,1495.0,1560.0
1446037223213221139,756,1446037223211128950,robocape,1492.0,1560.0
1446037223245893389,757,1446037223242348909,robocape,1489.0,1560.0
1446037223279298222,758,1446037223277281045,robocape,1489.0,1360.0
1446037223312855097,759,1446037223310796976,robocape,1488.0,1560.0
1446037223345809306,760,1446037223343779087,robocape,1489.0,1360.0
1446037223379572639,761,1446037223377604961,robocape,1494.0,1560.0
1446037223411974972,762,1446037223410614967,robocape,1494.0,1560.0
1446037223450753597,763,1446037223446739912,robocape,1494.0,1360.0
1446037223479336722,764,1446037223477345943,robocape,1486.0,1360.0
1446037223511681889,765,1446037223510358095,robocape,1488.0,1360.0
1446037223544601639,766,1446037223543278932,robocape,1489.0,1360.0
1446037223577597556,767,1446037223570759057,robocape,1488.0,1560.0
1446037223610548972,768,1446037223603769063,robocape,1494.0,1360.0
1446037223638137056,769,1446037223636456966,robocape,1495.0,1360.0
1446037223671114931,770,1446037223669461965,robocape,1495.0,1360.0
1446037223704601972,771,1446037223702687025,robocape,1498.0,1560.0
1446037223736749973,772,1446037223735081911,robocape,1503.0,1560.0
1446037223769668223,773,1446037223767946958,robocape,1493.0,1560.0
1446037223803213514,774,1446037223800867080,robocape,1490.0,1360.0
1446037223835225598,775,1446037223833625078,robocape,1501.0,1360.0
1446037223868359764,776,1446037223866744995,robocape,1501.0,1560.0
1446037223901473848,777,1446037223899549007,robocape,1502.0,1360.0
1446037223934011348,778,1446037223932279109,robocape,1497.0,1560.0
1446037223967450681,779,1446037223965274095,robocape,1492.0,1360.0
1446037223999851348,780,1446037223998022079,robocape,1493.0,1560.0
1446037224032755764,781,1446037224030878067,robocape,1493.0,1560.0
1446037224065509306,782,1446037224063855886,robocape,1494.0,1360.0
1446037224098471223,783,1446037224096791028,robocape,1497.0,1560.0
1446037224131232556,784,1446037224129554986,robocape,1498.0,1560.0
1446037224164169681,785,1446037224162486076,robocape,1497.0,1560.0
1446037224197506973,786,1446037224195673942,robocape,1488.0,1360.0
1446037224230049514,787,1446037224228305101,robocape,1492.0,1360.0
1446037224279458014,788,1446037224277414083,robocape,1489.0,1360.0
1446037224312829681,789,1446037224311508893,robocape,1494.0,1360.0
1446037224346209306,790,1446037224344204902,robocape,1495.0,1560.0
1446037224379596973,791,1446037224375993013,robocape,1501.0,1560.0
1446037224412891639,792,1446037224410902976,robocape,1497.0,1360.0
1446037224450977640,793,1446037224447110891,robocape,1489.0,1560.0
1446037224479322681,794,1446037224477324962,robocape,1488.0,1360.0
1446037224512612598,795,1446037224511372089,robocape,1492.0,1560.0
1446037224545109140,796,1446037224543793916,robocape,1493.0,1560.0
1446037224579632390,797,1446037224578294992,robocape,1495.0,1360.0
1446037224612163848,798,1446037224610937118,robocape,1494.0,1360.0
1446037224645058473,799,1446037224643707990,robocape,1494.0,1560.0
1446037224679381640,800,1446037224675909042,robocape,1492.0,1560.0
1446037224711820015,801,1446037224710586071,robocape,1489.0,1560.0
1446037224744043931,802,1446037224737329006,robocape,1490.0,1360.0
1446037224776259890,803,1446037224770257949,robocape,1488.0,1360.0
1446037224805068765,804,1446037224803375005,robocape,1494.0,1360.0
1446037224837643681,805,1446037224835968017,robocape,1494.0,1560.0
1446037224886572098,806,1446037224884938001,robocape,1494.0,1560.0
1446037224919375265,807,1446037224917905092,robocape,1489.0,1560.0
1446037224952075973,808,1446037224950680017,robocape,1488.0,1560.0
1446037224984796931,809,1446037224983478069,robocape,1489.0,1560.0
1446037225017661390,810,1446037225016362905,robocape,1488.0,1360.0
1446037225050580098,811,1446037225049258947,robocape,1497.0,1560.0
1446037225084082265,812,1446037225082762956,robocape,1497.0,1560.0
1446037225116986098,813,1446037225115648984,robocape,1492.0,1360.0
1446037225149113265,814,1446037225147871971,robocape,1494.0,1560.0
1446037225182633807,815,1446037225181380033,robocape,1489.0,1560.0
1446037225215514640,816,1446037225214256048,robocape,1490.0,1360.0
1446037225248377057,817,1446037225247059106,robocape,1488.0,1360.0
1446037225287664765,818,1446037225285229921,robocape,1497.0,1360.0
1446037225314181057,819,1446037225312479019,robocape,1494.0,1560.0
1446037225346863682,820,1446037225345709085,robocape,1494.0,1360.0
1446037225380315973,821,1446037225378695964,robocape,1494.0,1560.0
1446037225413276932,822,1446037225412087917,robocape,1489.0,1560.0
1446037225450670640,823,1446037225446836948,robocape,1485.0,1360.0
1446037225479835765,824,1446037225478467941,robocape,1490.0,1560.0
1446037225512932307,825,1446037225511761903,robocape,1493.0,1560.0
1446037225545996598,826,1446037225542722940,robocape,1494.0,1560.0
1446037225579811015,827,1446037225578438997,robocape,1493.0,1360.0
1446037225613413390,828,1446037225611099958,robocape,1495.0,1560.0
1446037225645742973,829,1446037225643800973,robocape,1488.0,1360.0
1446037225678865348,830,1446037225677705049,robocape,1489.0,1360.0
1446037225713505098,831,1446037225709321975,robocape,1488.0,1560.0
1446037225744987098,832,1446037225743827104,robocape,1488.0,1560.0
1446037225779367598,833,1446037225777311086,robocape,1492.0,1360.0
1446037225812165557,834,1446037225810919046,robocape,1494.0,1560.0
1446037225844854015,835,1446037225843691110,robocape,1492.0,1360.0
1446037225878923099,836,1446037225876697063,robocape,1494.0,1560.0
1446037225909702140,837,1446037225904087066,robocape,1486.0,1360.0
1446037225943961390,838,1446037225937272071,robocape,1489.0,1360.0
1446037225971401974,839,1446037225969683885,robocape,1486.0,1560.0
1446037226004348099,840,1446037226002672910,robocape,1495.0,1560.0
1446037226037388390,841,1446037226035501956,robocape,1494.0,1560.0
1446037226070118515,842,1446037226068432092,robocape,1498.0,1560.0
1446037226103162349,843,1446037226101555109,robocape,1493.0,1360.0
1446037226135623682,844,1446037226134043931,robocape,1489.0,1360.0
1446037226168468765,845,1446037226166910886,robocape,1486.0,1360.0
1446037226201769432,846,1446037226199912071,robocape,1488.0,1360.0
1446037226234432057,847,1446037226232821941,robocape,1492.0,1560.0
1446037226267151765,848,1446037226265564918,robocape,1495.0,1560.0
1446037226300552432,849,1446037226298481941,robocape,1490.0,1560.0
1446037226332297432,850,1446037226330910921,robocape,1493.0,1360.0
1446037226365900890,851,1446037226364130020,robocape,1490.0,1360.0
1446037226398783474,852,1446037226397178888,robocape,1510.0,1560.0
1446037226431978515,853,1446037226430124998,robocape,1490.0,1560.0
1446037226464484807,854,1446037226462867021,robocape,1493.0,1360.0
1446037226497877682,855,1446037226496275901,robocape,1502.0,1360.0
1446037226530740141,856,1446037226528852939,robocape,1505.0,1560.0
1446037226563528016,857,1446037226561590909,robocape,1494.0,1560.0
1446037226595817057,858,1446037226593843936,robocape,1497.0,1360.0
1446037226628474307,859,1446037226626723051,robocape,1488.0,1560.0
1446037226660881099,860,1446037226659670114,robocape,1492.0,1560.0
1446037226694001182,861,1446037226692497014,robocape,1489.0,1560.0
1446037226726493807,862,1446037226725260019,robocape,1497.0,1560.0
1446037226759511224,863,1446037226758143901,robocape,1497.0,1560.0
1446037226792377391,864,1446037226791033029,robocape,1497.0,1560.0
1446037226825070682,865,1446037226823894977,robocape,1493.0,1560.0
1446037226857935557,866,1446037226856770992,robocape,1492.0,1560.0
1446037226890893807,867,1446037226889658927,robocape,1489.0,1560.0
1446037226923717141,868,1446037226922446966,robocape,1492.0,1360.0
1446037226956589849,869,1446037226955338001,robocape,1497.0,1560.0
1446037226989367391,870,1446037226988207101,robocape,1497.0,1360.0
1446037227022276807,871,1446037227021090984,robocape,1495.0,1360.0
1446037227055141141,872,1446037227053941011,robocape,1499.0,1360.0
1446037227088043891,873,1446037227086823940,robocape,1490.0,1360.0
1446037227120926724,874,1446037227119684934,robocape,1492.0,1360.0
1446037227153753182,875,1446037227152529954,robocape,1490.0,1360.0
1446037227186713849,876,1446037227185404062,robocape,1492.0,1360.0
1446037227219815724,877,1446037227218272924,robocape,1493.0,1560.0
1446037227252308433,878,1446037227251099109,robocape,1497.0,1360.0
1446037227302385058,879,1446037227300750017,robocape,1495.0,1360.0
1446037227335144516,880,1446037227333621978,robocape,1490.0,1560.0
1446037227368000308,881,1446037227366431951,robocape,1490.0,1360.0
1446037227401123558,882,1446037227399512052,robocape,1492.0,1360.0
1446037227456474849,883,1446037227452265024,robocape,1494.0,1360.0
1446037227501342808,884,1446037227492675065,robocape,1494.0,1360.0
1446037227540204849,885,1446037227533724069,robocape,1498.0,1360.0
1446037227572745099,886,1446037227571031093,robocape,1490.0,1560.0
1446037227598490558,887,1446037227596873044,robocape,1490.0,1360.0
1446037227631201099,888,1446037227629473924,robocape,1492.0,1560.0
1446037227664206183,889,1446037227662451028,robocape,1490.0,1560.0
1446037227697413099,890,1446037227695549011,robocape,1495.0,1360.0
1446037227729914474,891,1446037227728286027,robocape,1498.0,1560.0
1446037227762572183,892,1446037227760477066,robocape,1497.0,1360.0
1446037227805325558,893,1446037227803714036,robocape,1494.0,1360.0
1446037227827388224,894,1446037227826226949,robocape,1480.0,1360.0
1446037227860271474,895,1446037227859097957,robocape,1489.0,1560.0
1446037227893247433,896,1446037227892069101,robocape,1489.0,1360.0
1446037227946023891,897,1446037227944092035,robocape,1493.0,1360.0
1446037227979084266,898,1446037227977103948,robocape,1495.0,1560.0
1446037228012158808,899,1446037228010925054,robocape,1490.0,1560.0
1446037228046071433,900,1446037228044163942,robocape,1494.0,1360.0
1446037228078701183,901,1446037228077560901,robocape,1486.0,1360.0
1446037228112380308,902,1446037228111224889,robocape,1486.0,1560.0
1446037228145065475,903,1446037228143904924,robocape,1485.0,1360.0
1446037228178231808,904,1446037228176953077,robocape,1494.0,1560.0
1446037228211636391,905,1446037228210459947,robocape,1493.0,1360.0
1446037228244167933,906,1446037228237315893,robocape,1494.0,1560.0
1446037228277395558,907,1446037228270253896,robocape,1492.0,1560.0
1446037228307205933,908,1446037228303073883,robocape,1488.0,1560.0
1446037228337797266,909,1446037228336201906,robocape,1486.0,1560.0
1446037228370352308,910,1446037228368828058,robocape,1490.0,1560.0
1446037228403429975,911,1446037228401756048,robocape,1494.0,1560.0
1446037228450786725,912,1446037228448772907,robocape,1498.0,1360.0
1446037228469093933,913,1446037228467489004,robocape,1495.0,1360.0
1446037228502408975,914,1446037228500624895,robocape,1498.0,1360.0
1446037228535025100,915,1446037228533374071,robocape,1488.0,1360.0
1446037228567759808,916,1446037228566137075,robocape,1492.0,1560.0
1446037228601118225,917,1446037228598773002,robocape,1488.0,1360.0
1446037228633549433,918,1446037228631675004,robocape,1492.0,1360.0
1446037228666292058,919,1446037228664688110,robocape,1492.0,1360.0
1446037228699827517,920,1446037228697639942,robocape,1494.0,1360.0
1446037228731985100,921,1446037228730376005,robocape,1494.0,1560.0
1446037228764853308,922,1446037228763310909,robocape,1494.0,1560.0
1446037228798019308,923,1446037228796097040,robocape,1489.0,1360.0
1446037228831248392,924,1446037228829231023,robocape,1492.0,1360.0
1446037228863876183,925,1446037228862117052,robocape,1488.0,1560.0
1446037228897042600,926,1446037228894910097,robocape,1497.0,1360.0
1446037228945925808,927,1446037228943926095,robocape,1493.0,1560.0
1446037228979009183,928,1446037228977087020,robocape,1495.0,1360.0
1446037229013352642,929,1446037229009732007,robocape,1488.0,1360.0
1446037229045351017,930,1446037229044018983,robocape,1489.0,1560.0
1446037229079300308,931,1446037229077383995,robocape,1488.0,1560.0
1446037229112198933,932,1446037229111032009,robocape,1486.0,1560.0
1446037229146195225,933,1446037229144174098,robocape,1495.0,1560.0
1446037229178729017,934,1446037229177578926,robocape,1498.0,1560.0
1446037229212623267,935,1446037229211364984,robocape,1498.0,1360.0
1446037229246174725,936,1446037229244180917,robocape,1494.0,1360.0
1446037229278345767,937,1446037229277189970,robocape,1489.0,1360.0
1446037229312726475,938,1446037229311444997,robocape,1486.0,1560.0
1446037229345142267,939,1446037229343736886,robocape,1489.0,1560.0
1446037229377868059,940,1446037229376722097,robocape,1494.0,1560.0
1446037229411156267,941,1446037229404104948,robocape,1494.0,1360.0
1446037229450857434,942,1446037229444092035,robocape,1495.0,1360.0
1446037229471268559,943,1446037229469702959,robocape,1497.0,1360.0
1446037229504587059,944,1446037229502980947,robocape,1488.0,1560.0
1446037229537199225,945,1446037229535465955,robocape,1490.0,1560.0
1446037229569982975,946,1446037229568335056,robocape,1486.0,1360.0
1446037229603454684,947,1446037229601239919,robocape,1495.0,1560.0
1446037229635839184,948,1446037229634263992,robocape,1494.0,1560.0
1446037229668569642,949,1446037229666896104,robocape,1493.0,1360.0
1446037229701367684,950,1446037229699778079,robocape,1494.0,1560.0
1446037229734687684,951,1446037229732678890,robocape,1489.0,1560.0
1446037229767416725,952,1446037229765607118,robocape,1489.0,1360.0
1446037229800576059,953,1446037229798955917,robocape,1488.0,1560.0
1446037229833801142,954,1446037229832176923,robocape,1486.0,1560.0
1446037229865865642,955,1446037229864126920,robocape,1494.0,1560.0
1446037229899064225,956,1446037229897068977,robocape,1494.0,1360.0
1446037229936619017,957,1446037229933505058,robocape,1495.0,1560.0
1446037229965375809,958,1446037229963660001,robocape,1494.0,1560.0
1446037229997562475,959,1446037229995940923,robocape,1488.0,1360.0
1446037230030286851,960,1446037230028700113,robocape,1488.0,1560.0
1446037230063268392,961,1446037230061580896,robocape,1489.0,1560.0
1446037230096047726,962,1446037230093830108,robocape,1494.0,1360.0
1446037230128389559,963,1446037230126693010,robocape,1494.0,1560.0
1446037230160778851,964,1446037230159564971,robocape,1494.0,1360.0
1446037230193625809,965,1446037230192382097,robocape,1493.0,1560.0
1446037230226508934,966,1446037230225239992,robocape,1489.0,1360.0
1446037230259892851,967,1446037230258637905,robocape,1488.0,1560.0
1446037230292348767,968,1446037230291106939,robocape,1488.0,1560.0
1446037230325446226,969,1446037230324115037,robocape,1495.0,1360.0
1446037230357912059,970,1446037230356698989,robocape,1494.0,1560.0
1446037230391461767,971,1446037230389560937,robocape,1495.0,1560.0
1446037230423658101,972,1446037230422419071,robocape,1493.0,1360.0
1446037230458472684,973,1446037230457182884,robocape,1486.0,1360.0
1446037230489761934,974,1446037230488334894,robocape,1486.0,1360.0
1446037230522251809,975,1446037230521085977,robocape,1489.0,1360.0
1446037230555114601,976,1446037230553889989,robocape,1486.0,1360.0
1446037230587946101,977,1446037230586716890,robocape,1493.0,1560.0
1446037230620847726,978,1446037230619611024,robocape,1492.0,1560.0
1446037230653816851,979,1446037230652498960,robocape,1493.0,1360.0
1446037230686527267,980,1446037230685364007,robocape,1493.0,1560.0
1446037230719433559,981,1446037230718254089,robocape,1486.0,1560.0
1446037230752310684,982,1446037230751081943,robocape,1489.0,1560.0
1446037230785142684,983,1446037230783915996,robocape,1489.0,1360.0
1446037230818043726,984,1446037230816776037,robocape,1494.0,1360.0
1446037230851150518,985,1446037230849770069,robocape,1493.0,1360.0
1446037230883753851,986,1446037230882591009,robocape,1493.0,1560.0
1446037230917742518,987,1446037230916492938,robocape,1494.0,1560.0
1446037230949553184,988,1446037230948266029,robocape,1488.0,1560.0
1446037230982760226,989,1446037230981509923,robocape,1488.0,1360.0
1446037231015444018,990,1446037231014000892,robocape,1488.0,1560.0
1446037231050293101,991,1446037231048902034,robocape,1494.0,1360.0
1446037231081026184,992,1446037231079880952,robocape,1493.0,1560.0
1446037231115089726,993,1446037231113821983,robocape,1492.0,1560.0
1446037231147654726,994,1446037231146132946,robocape,1493.0,1360.0
1446037231180802684,995,1446037231178877115,robocape,1486.0,1560.0
1446037231213429143,996,1446037231212042093,robocape,1488.0,1560.0
1446037231245858518,997,1446037231244584083,robocape,1486.0,1360.0
1446037231279387393,998,1446037231277458906,robocape,1488.0,1560.0
1446037231313407559,999,1446037231311393022,robocape,1494.0,1360.0
1446037231347062559,1000,1446037231345127105,robocape,1495.0,1360.0
1446037231379381768,1001,1446037231375962018,robocape,1495.0,1360.0
1446037231413201935,1002,1446037231411271095,robocape,1495.0,1560.0
1446037231451442226,1003,1446037231444749116,robocape,1489.0,1560.0
1446037231479353685,1004,1446037231477413892,robocape,1488.0,1360.0
1446037231512552518,1005,1446037231511394977,robocape,1488.0,1560.0
1446037231546386310,1006,1446037231545129060,robocape,1494.0,1560.0
1446037231578309518,1007,1446037231577064990,robocape,1495.0,1360.0
1446037231613354685,1008,1446037231609321117,robocape,1494.0,1360.0
1446037231646116185,1009,1446037231643704891,robocape,1494.0,1560.0
1446037231678099726,1010,1446037231676834106,robocape,1488.0,1360.0
1446037231710119393,1011,1446037231708950996,robocape,1488.0,1560.0
1446037231743997393,1012,1446037231737301111,robocape,1489.0,1560.0
1446037231771958560,1013,1446037231770164012,robocape,1494.0,1560.0
1446037231804814310,1014,1446037231803208112,robocape,1493.0,1360.0
1446037231837612185,1015,1446037231836020946,robocape,1494.0,1560.0
1446037231870641310,1016,1446037231868882894,robocape,1493.0,1560.0
1446037231903450351,1017,1446037231901710987,robocape,1490.0,1560.0
1446037231936760393,1018,1446037231934612989,robocape,1488.0,1560.0
1446037231969244935,1019,1446037231967375993,robocape,1488.0,1360.0
1446037232002113726,1020,1446037232000228881,robocape,1488.0,1360.0
1446037232034799726,1021,1446037232033205986,robocape,1494.0,1560.0
1446037232067514060,1022,1446037232066001892,robocape,1494.0,1360.0
1446037232100492393,1023,1446037232098972082,robocape,1494.0,1560.0
1446037232133487685,1024,1446037232131701946,robocape,1494.0,1360.0
1446037232166138143,1025,1446037232164531946,robocape,1489.0,1560.0
1446037232199277227,1026,1446037232197551012,robocape,1488.0,1360.0
1446037232232446893,1027,1446037232230617046,robocape,1488.0,1360.0
1446037232264792560,1028,1446037232263242006,robocape,1494.0,1560.0
1446037232297698310,1029,1446037232296087980,robocape,1494.0,1560.0
1446037232330755518,1030,1446037232329154968,robocape,1495.0,1560.0
1446037232363851477,1031,1446037232362226009,robocape,1495.0,1360.0
1446037232397066185,1032,1446037232395267009,robocape,1489.0,1360.0
1446037232429235435,1033,1446037232427139043,robocape,1490.0,1360.0
1446037232461823227,1034,1446037232459975004,robocape,1488.0,1360.0
1446037232494961477,1035,1446037232492834091,robocape,1495.0,1360.0
1446037232526944102,1036,1446037232525691032,robocape,1494.0,1560.0
1446037232559800143,1037,1446037232558585882,robocape,1495.0,1560.0
1446037232592588602,1038,1446037232591453075,robocape,1494.0,1560.0
1446037232625632643,1039,1446037232624458074,robocape,1488.0,1360.0
1446037232658455477,1040,1446037232657202959,robocape,1490.0,1560.0
1446037232691306893,1041,1446037232690047025,robocape,1486.0,1560.0
1446037232724165185,1042,1446037232722910881,robocape,1488.0,1360.0
1446037232757244643,1043,1446037232755882024,robocape,1494.0,1360.0
1446037232789834435,1044,1446037232788656949,robocape,1494.0,1360.0
1446037232822858019,1045,1446037232821644067,robocape,1494.0,1560.0
1446037232855723435,1046,1446037232854381084,robocape,1493.0,1560.0
1446037232888414185,1047,1446037232887200117,robocape,1488.0,1360.0
1446037232921492019,1048,1446037232920090913,robocape,1489.0,1560.0
1446037232954115519,1049,1446037232952960014,robocape,1489.0,1360.0
1446037232987046477,1050,1446037232985865116,robocape,1494.0,1560.0
1446037233020011394,1051,1446037233018786907,robocape,1494.0,1560.0
1446037233053312685,1052,1446037233051980018,robocape,1493.0,1560.0
1446037233085688477,1053,1446037233084490060,robocape,1494.0,1360.0
1446037233135632852,1054,1446037233133986949,robocape,1486.0,1560.0
1446037233168487310,1055,1446037233166882038,robocape,1488.0,1560.0
1446037233201664644,1056,1446037233199750900,robocape,1486.0,1560.0
1446037233234745185,1057,1446037233232634067,robocape,1494.0,1360.0
1446037233267157727,1058,1446037233265573978,robocape,1493.0,1360.0
1446037233300395977,1059,1446037233298643112,robocape,1494.0,1360.0
1446037233332857477,1060,1446037233331199884,robocape,1493.0,1560.0
1446037233365790685,1061,1446037233364144086,robocape,1488.0,1360.0
1446037233399132977,1062,1446037233397176980,robocape,1486.0,1560.0
1446037233431856477,1063,1446037233429879903,robocape,1488.0,1360.0
1446037233464501894,1064,1446037233462856054,robocape,1493.0,1560.0
1446037233497890602,1065,1446037233495847940,robocape,1493.0,1360.0
1446037233530441394,1066,1446037233528873920,robocape,1495.0,1560.0
1446037233563224227,1067,1446037233561594009,robocape,1494.0,1560.0
1446037233595745102,1068,1446037233593875885,robocape,1488.0,1360.0
1446037233628451852,1069,1446037233626697063,robocape,1488.0,1560.0
1446037233660978561,1070,1446037233659634113,robocape,1488.0,1360.0
1446037233693586186,1071,1446037233692370891,robocape,1494.0,1360.0
1446037233726612061,1072,1446037233725220918,robocape,1494.0,1360.0
1446037233759476227,1073,1446037233758125066,robocape,1497.0,1360.0
1446037233792175477,1074,1446037233790997028,robocape,1493.0,1360.0
1446037233825131227,1075,1446037233823831081,robocape,1488.0,1360.0
1446037233857863727,1076,1446037233856648921,robocape,1489.0,1560.0
1446037233890762227,1077,1446037233889534950,robocape,1488.0,1560.0
1446037233923796227,1078,1446037233922545909,robocape,1489.0,1360.0
1446037233956999186,1079,1446037233955753087,robocape,1493.0,1360.0
1446037233989326311,1080,1446037233988168001,robocape,1494.0,1560.0
1446037234022289686,1081,1446037234021073102,robocape,1495.0,1360.0
1446037234055230727,1082,1446037234054020881,robocape,1494.0,1360.0
1446037234088394102,1083,1446037234087042093,robocape,1488.0,1360.0
1446037234121000519,1084,1446037234119599103,robocape,1488.0,1360.0
1446037234153851061,1085,1446037234152621984,robocape,1488.0,1560.0
1446037234186520436,1086,1446037234185355901,robocape,1494.0,1560.0
1446037234219626853,1087,1446037234218449115,robocape,1493.0,1560.0
1446037234258846853,1088,1446037234251940011,robocape,1493.0,1560.0
1446037234319788686,1089,1446037234314140081,robocape,1494.0,1560.0
1446037234359015978,1090,1446037234357414960,robocape,1486.0,1360.0
1446037234384426353,1091,1446037234383193016,robocape,1488.0,1560.0
1446037234416621561,1092,1446037234415422916,robocape,1494.0,1360.0
1446037234452100644,1093,1446037234450923919,robocape,1493.0,1360.0
1446037234482773311,1094,1446037234481508970,robocape,1493.0,1560.0
1446037234532359144,1095,1446037234530821084,robocape,1493.0,1560.0
1446037234565842478,1096,1446037234563939094,robocape,1489.0,1360.0
1446037234606071061,1097,1446037234604228019,robocape,1488.0,1360.0
1446037234631266144,1098,1446037234629666090,robocape,1488.0,1360.0
1446037234664628353,1099,1446037234662743091,robocape,1494.0,1560.0
1446037234696954561,1100,1446037234695348978,robocape,1497.0,1360.0
1446037234730246186,1101,1446037234728259086,robocape,1495.0,1360.0
1446037234762851728,1102,1446037234761214971,robocape,1493.0,1560.0
1446037234795011144,1103,1446037234793289899,robocape,1488.0,1560.0
1446037234827376061,1104,1446037234826173067,robocape,1488.0,1560.0
1446037234860279644,1105,1446037234859057903,robocape,1488.0,1560.0
1446037234893080436,1106,1446037234891915082,robocape,1490.0,1560.0
1446037234926121686,1107,1446037234924863100,robocape,1495.0,1360.0
1446037234958900478,1108,1446037234957627058,robocape,1494.0,1560.0
1446037234991711103,1109,1446037234990485906,robocape,1493.0,1360.0
1446037235024769436,1110,1446037235023367881,robocape,1489.0,1560.0
1446037235057514978,1111,1446037235056349992,robocape,1489.0,1560.0
1446037235090280395,1112,1446037235089062929,robocape,1488.0,1560.0
1446037235123176936,1113,1446037235121921062,robocape,1488.0,1360.0
1446037235156128561,1114,1446037235154800891,robocape,1494.0,1360.0
1446037235188915686,1115,1446037235187689065,robocape,1494.0,1360.0
1446037235222158728,1116,1446037235220860004,robocape,1495.0,1560.0
1446037235254589228,1117,1446037235253424882,robocape,1494.0,1360.0
1446037235287475561,1118,1446037235286237001,robocape,1488.0,1360.0
1446037235320436186,1119,1446037235319133043,robocape,1486.0,1360.0
1446037235353201978,1120,1446037235351964950,robocape,1489.0,1560.0
1446037235386090478,1121,1446037235384862899,robocape,1495.0,1360.0
1446037235419774520,1122,1446037235418531894,robocape,1497.0,1560.0
1446037235454763811,1123,1446037235453478097,robocape,1494.0,1560.0
1446037235484703603,1124,1446037235483474969,robocape,1497.0,1360.0
1446037235518600978,1125,1446037235517371892,robocape,1489.0,1560.0
1446037235550437020,1126,1446037235549195051,robocape,1490.0,1360.0
1446037235584003520,1127,1446037235582748889,robocape,1489.0,1560.0
1446037235619604645,1128,1446037235618347883,robocape,1492.0,1360.0
1446037235649594812,1129,1446037235648435115,robocape,1494.0,1560.0
1446037235683261437,1130,1446037235682004928,robocape,1495.0,1360.0
1446037235717778603,1131,1446037235715425014,robocape,1494.0,1360.0
1446037235748233770,1132,1446037235746988058,robocape,1489.0,1560.0
1446037235781107270,1133,1446037235779864072,robocape,1490.0,1560.0
1446037235815432978,1134,1446037235814266920,robocape,1489.0,1360.0
1446037235846929312,1135,1446037235845233917,robocape,1488.0,1360.0
1446037235879763645,1136,1446037235878051042,robocape,1494.0,1360.0
1446037235914624478,1137,1446037235911117076,robocape,1493.0,1360.0
1446037235945698520,1138,1446037235944463968,robocape,1494.0,1360.0
1446037235980182853,1139,1446037235976708889,robocape,1494.0,1360.0
1446037236013273020,1140,1446037236009911060,robocape,1489.0,1560.0
1446037236045278228,1141,1446037236044018030,robocape,1486.0,1560.0
1446037236079065353,1142,1446037236077913999,robocape,1489.0,1560.0
1446037236112943937,1143,1446037236111027002,robocape,1494.0,1560.0
1446037236145254145,1144,1446037236144082069,robocape,1497.0,1560.0
1446037236179430687,1145,1446037236177957057,robocape,1493.0,1360.0
1446037236212135520,1146,1446037236210947990,robocape,1497.0,1360.0
1446037236246165103,1147,1446037236244236946,robocape,1488.0,1360.0
1446037236277798603,1148,1446037236276559114,robocape,1490.0,1360.0
1446037236312647395,1149,1446037236310715913,robocape,1488.0,1560.0
1446037236345146187,1150,1446037236343873977,robocape,1493.0,1560.0
1446037236378400979,1151,1446037236377161979,robocape,1494.0,1360.0
1446037236409943770,1152,1446037236408624887,robocape,1494.0,1360.0
1446037236450622770,1153,1446037236444164037,robocape,1494.0,1360.0
1446037236471875770,1154,1446037236469685077,robocape,1488.0,1560.0
1446037236504357729,1155,1446037236502743005,robocape,1488.0,1560.0
1446037236537317312,1156,1446037236535430908,robocape,1489.0,1360.0
1446037236569929520,1157,1446037236568347930,robocape,1489.0,1360.0
1446037236603105687,1158,1446037236601375102,robocape,1493.0,1560.0
1446037236636113354,1159,1446037236634268045,robocape,1495.0,1560.0
1446037236668474937,1160,1446037236666884899,robocape,1494.0,1560.0
1446037236701535687,1161,1446037236699765920,robocape,1494.0,1560.0
1446037236740605437,1162,1446037236739336013,robocape,1489.0,1360.0
1446037236771987979,1163,1446037236769634008,robocape,1488.0,1560.0
1446037236800209229,1164,1446037236798589944,robocape,1489.0,1560.0
1446037236832822937,1165,1446037236831239938,robocape,1495.0,1560.0
1446037236865689020,1166,1446037236864074945,robocape,1497.0,1560.0
1446037236898576854,1167,1446037236896981954,robocape,1493.0,1560.0
1446037236931522770,1168,1446037236929912090,robocape,1494.0,1560.0
1446037236964589270,1169,1446037236962832927,robocape,1488.0,1360.0
1446037236997426479,1170,1446037236995807886,robocape,1486.0,1360.0
1446037237030658437,1171,1446037237028672933,robocape,1488.0,1560.0
1446037237063285979,1172,1446037237061364889,robocape,1495.0,1360.0
1446037237096383187,1173,1446037237094057083,robocape,1493.0,1560.0
1446037237129104437,1174,1446037237126976013,robocape,1494.0,1360.0
1446037237160842854,1175,1446037237159638881,robocape,1493.0,1360.0
1446037237193556896,1176,1446037237192329883,robocape,1488.0,1360.0
1446037237226653021,1177,1446037237225213050,robocape,1488.0,1360.0
1446037237259385979,1178,1446037237258120059,robocape,1489.0,1560.0
1446037237292147729,1179,1446037237290987968,robocape,1488.0,1560.0
1446037237324998396,1180,1446037237323822021,robocape,1494.0,1560.0
1446037237357868229,1181,1446037237356657028,robocape,1493.0,1360.0
1446037237390730604,1182,1446037237389518022,robocape,1494.0,1360.0
1446037237423611937,1183,1446037237422377109,robocape,1493.0,1360.0
1446037237456641896,1184,1446037237455342054,robocape,1488.0,1560.0
1446037237489314937,1185,1446037237488149881,robocape,1488.0,1360.0
1446037237522318062,1186,1446037237521133899,robocape,1489.0,1360.0
1446037237555047687,1187,1446037237553823947,robocape,1495.0,1560.0
1446037237587949979,1188,1446037237586709022,robocape,1494.0,1560.0
1446037237620908229,1189,1446037237619585990,robocape,1493.0,1360.0
1446037237653695729,1190,1446037237652465105,robocape,1494.0,1560.0
1446037237686509354,1191,1446037237685323953,robocape,1488.0,1560.0
1446037237719415479,1192,1446037237718220949,robocape,1488.0,1360.0
1446037237752391229,1193,1446037237751152992,robocape,1486.0,1560.0
1446037237785266104,1194,1446037237783874034,robocape,1494.0,1360.0
1446037237818174688,1195,1446037237816937923,robocape,1494.0,1560.0
1446037237851091313,1196,1446037237849843978,robocape,1495.0,1560.0
1446037237884541771,1197,1446037237882803916,robocape,1494.0,1560.0
1446037237916791521,1198,1446037237915462017,robocape,1490.0,1560.0
1446037237949422938,1199,1446037237948189973,robocape,1488.0,1360.0
1446037237982935688,1200,1446037237981641054,robocape,1488.0,1560.0
1446037238015237563,1201,1446037238013989925,robocape,1489.0,1560.0
1446037238048029146,1202,1446037238046858072,robocape,1494.0,1360.0
1446037238082351021,1203,1446037238080970048,robocape,1494.0,1360.0
1446037238114636771,1204,1446037238113378047,robocape,1495.0,1360.0
1446037238147444854,1205,1446037238145935058,robocape,1494.0,1560.0
1446037238181750146,1206,1446037238178808927,robocape,1489.0,1360.0
1446037238213138938,1207,1446037238211839914,robocape,1488.0,1360.0
1446037238246456896,1208,1446037238244374990,robocape,1489.0,1560.0
1446037238279340604,1209,1446037238277410030,robocape,1494.0,1360.0
1446037238312698646,1210,1446037238310765027,robocape,1493.0,1560.0
1446037238346800938,1211,1446037238344535112,robocape,1493.0,1560.0
1446037238378702479,1212,1446037238377404928,robocape,1494.0,1560.0
1446037238412306438,1213,1446037238411087036,robocape,1488.0,1360.0
1446037238449202271,1214,1446037238444574117,robocape,1488.0,1560.0
1446037238478706146,1215,1446037238477432966,robocape,1486.0,1360.0
1446037238512864396,1216,1446037238510879993,robocape,1494.0,1560.0
1446037238547787855,1217,1446037238544718980,robocape,1494.0,1560.0
1446037238578543105,1218,1446037238577296018,robocape,1494.0,1360.0
1446037238612953646,1219,1446037238611051082,robocape,1493.0,1360.0
1446037238645913938,1220,1446037238643745899,robocape,1489.0,1560.0
1446037238678103563,1221,1446037238676846027,robocape,1488.0,1360.0
1446037238709945146,1222,1446037238708580017,robocape,1489.0,1560.0
1446037238744351063,1223,1446037238737376928,robocape,1488.0,1360.0
1446037238776992271,1224,1446037238770185947,robocape,1494.0,1360.0
1446037238807156105,1225,1446037238803034067,robocape,1494.0,1360.0
1446037238837572813,1226,1446037238835952997,robocape,1494.0,1560.0
1446037238870650688,1227,1446037238868789911,robocape,1493.0,1560.0
1446037238903153896,1228,1446037238901566982,robocape,1488.0,1560.0
1446037238936388021,1229,1446037238934792041,robocape,1489.0,1560.0
1446037238968942396,1230,1446037238967349052,robocape,1490.0,1360.0
1446037239001789771,1231,1446037239000190973,robocape,1494.0,1360.0
1446037239035068188,1232,1446037239032737970,robocape,1495.0,1360.0
1446037239067839730,1233,1446037239065922975,robocape,1493.0,1560.0
1446037239100446480,1234,1446037239098809003,robocape,1494.0,1360.0
1446037239133193980,1235,1446037239131584882,robocape,1488.0,1560.0
1446037239166417022,1236,1446037239164812088,robocape,1489.0,1560.0
1446037239199314188,1237,1446037239197526931,robocape,1488.0,1360.0
1446037239231956438,1238,1446037239230338096,robocape,1494.0,1360.0
1446037239265441480,1239,1446037239263364076,robocape,1493.0,1560.0
1446037239297758313,1240,1446037239296092987,robocape,1494.0,1560.0
1446037239331001397,1241,1446037239329111099,robocape,1493.0,1360.0
1446037239363595688,1242,1446037239361955881,robocape,1488.0,1560.0
1446037239396552480,1243,1446037239394908905,robocape,1488.0,1360.0
1446037239428921063,1244,1446037239427097082,robocape,1488.0,1360.0
1446037239461745897,1245,1446037239459949016,robocape,1488.0,1560.0
1446037239494093813,1246,1446037239492800951,robocape,1495.0,1560.0
1446037239526909230,1247,1446037239525660991,robocape,1494.0,1560.0
1446037239559744855,1248,1446037239558563947,robocape,1494.0,1560.0
1446037239592600688,1249,1446037239591424942,robocape,1494.0,1560.0
1446037239625549397,1250,1446037239624228954,robocape,1489.0,1560.0
1446037239658473480,1251,1446037239657224893,robocape,1489.0,1360.0
1446037239691509230,1252,1446037239690084934,robocape,1488.0,1360.0
1446037239724255147,1253,1446037239722991943,robocape,1494.0,1560.0
1446037239756934897,1254,1446037239755733013,robocape,1495.0,1560.0
1446037239790502980,1255,1446037239789128065,robocape,1494.0,1560.0
1446037239822723147,1256,1446037239821460962,robocape,1495.0,1360.0
1446037239855629480,1257,1446037239854342937,robocape,1489.0,1360.0
1446037239888420189,1258,1446037239887166023,robocape,1488.0,1360.0
1446037239921280855,1259,1446037239920034885,robocape,1488.0,1360.0
1446037239954141147,1260,1446037239952955007,robocape,1494.0,1560.0
1446037239986952730,1261,1446037239985780000,robocape,1494.0,1560.0
1446037240019938605,1262,1446037240018707036,robocape,1494.0,1560.0
1446037240052706189,1263,1446037240051465988,robocape,1493.0,1560.0
1446037240085608772,1264,1446037240084373950,robocape,1489.0,1360.0
1446037240118611439,1265,1446037240117232084,robocape,1488.0,1560.0
1446037240151303439,1266,1446037240150131940,robocape,1489.0,1560.0
1446037240184152980,1267,1446037240182976007,robocape,1488.0,1360.0
1446037240217045730,1268,1446037240215787887,robocape,1494.0,1360.0
1446037240250286897,1269,1446037240248970031,robocape,1493.0,1560.0
1446037240283420855,1270,1446037240282179117,robocape,1495.0,1560.0
1446037240315607105,1271,1446037240314448118,robocape,1494.0,1360.0
1446037240349558147,1272,1446037240348247051,robocape,1489.0,1360.0
1446037240382002064,1273,1446037240380830049,robocape,1488.0,1560.0
1446037240415567272,1274,1446037240414331912,robocape,1488.0,1360.0
1446037240452232189,1275,1446037240446178913,robocape,1494.0,1560.0
1446037240480683772,1276,1446037240479417085,robocape,1494.0,1560.0
1446037240513760564,1277,1446037240512053966,robocape,1494.0,1560.0
1446037240548446731,1278,1446037240544842004,robocape,1494.0,1560.0
1446037240579569314,1279,1446037240577641010,robocape,1489.0,1560.0
1446037240612975314,1280,1446037240610960960,robocape,1489.0,1560.0
1446037240646455064,1281,1446037240644489049,robocape,1489.0,1560.0
1446037240679510272,1282,1446037240677591085,robocape,1495.0,1560.0
1446037240712719606,1283,1446037240709225893,robocape,1494.0,1360.0
1446037240745118731,1284,1446037240743963003,robocape,1494.0,1360.0
1446037240779388272,1285,1446037240777471065,robocape,1494.0,1560.0
1446037240812597897,1286,1446037240810672998,robocape,1488.0,1360.0
1446037240845360481,1287,1446037240844125986,robocape,1488.0,1360.0
1446037240878636897,1288,1446037240877403020,robocape,1489.0,1360.0
1446037240911998856,1289,1446037240910744905,robocape,1489.0,1360.0
1446037240945582189,1290,1446037240944324016,robocape,1494.0,1360.0
1446037240978636981,1291,1446037240977380037,robocape,1493.0,1360.0
1446037241011622814,1292,1446037241010361909,robocape,1494.0,1560.0
1446037241054341856,1293,1446037241047602891,robocape,1494.0,1560.0
1446037241092956939,1294,1446037241083148956,robocape,1489.0,1560.0
1446037241139240856,1295,1446037241132513999,robocape,1489.0,1360.0
1446037241169944939,1296,1446037241168242931,robocape,1486.0,1560.0
