%time,field.header.seq,field.header.stamp,field.header.frame_id,field.temperature,field.variance
1446038403082895426,1,1446038403057413101,robocape,1492.0,1524.72469351
1446038403172900635,2,1446038403140151977,robocape,1492.0,1531.22904466
1446038403250621385,3,1446038403215850114,robocape,1497.0,1538.01647135
1446038403339549176,4,1446038403308437108,robocape,1493.0,1541.19387479
1446038403415148510,5,1446038403388509035,robocape,1493.0,1545.5566852
1446038403496582885,6,1446038403465167045,robocape,1498.0,1552.23963448
1446038403577868885,7,1446038403544167041,robocape,1489.0,1557.0102717
1446038403648552510,8,1446038403620068073,robocape,498.0,1559.94193554
1446038403739305760,9,1446038403706137895,robocape,1498.0,1566.240848
1446038403815637552,10,1446038403786408901,robocape,1490.0,1572.77517909
1446038403882428302,11,1446038403852382898,robocape,1493.0,1575.1085637
1446038403949166343,12,1446038403920135021,robocape,1498.0,1579.11655118
1446038404017136260,13,1446038403987065076,robocape,1498.0,1584.61956844
1446038404085762927,14,1446038404057112932,robocape,1492.0,1590.21411917
1446038404153626010,15,1446038404125869989,robocape,92.0,1595.29925592
1446038404223405260,16,1446038404193808078,robocape,1497.0,1600.497805
1446038404288933885,17,1446038404261116027,robocape,1492.0,1606.6200837
1446038404357395010,18,1446038404329165935,robocape,1489.0,1613.77642957
1446038404428688760,19,1446038404414649963,robocape,1497.0,1622.71648933
1446038404496784552,20,1446038404480968952,robocape,1497.0,1632.72779879
1446038404565980094,21,1446038404548096895,robocape,1492.0,1639.92005349
1446038404640741260,22,1446038404621175050,robocape,1498.0,1644.47848702
1446038404733416927,23,1446038404706824064,robocape,1499.0,1651.03051876
1446038404816760469,24,1446038404789730072,robocape,1493.0,1662.59136415
1446038404885748885,25,1446038404857031106,robocape,1495.0,1670.14454378
1446038404952879635,26,1446038404924462080,robocape,1494.0,1677.32641037
1446038405021966885,27,1446038404991276025,robocape,1490.0,1683.29231618
1446038405090002552,28,1446038405060691118,robocape,1489.0,1689.79861496
1446038405158324594,29,1446038405129340887,robocape,1498.0,1696.98198466
1446038405228869511,30,1446038405199553966,robocape,1499.0,1705.05006757
1446038405304023094,31,1446038405277229070,robocape,1492.0,1713.16743755
1446038405381477136,32,1446038405339122056,robocape,1499.0,1721.7655017
1446038405454720927,33,1446038405425460100,robocape,1499.0,1728.88736904
1446038405524473469,34,1446038405493256092,robocape,1493.0,1736.79441914
1446038405615456761,35,1446038405564146041,robocape,1497.0,1745.77202944
1446038405710655677,36,1446038405662628889,robocape,1505.0,1755.61080303
1446038405775848636,37,1446038405740544080,robocape,1505.0,1763.57282581
1446038405850451428,38,1446038405821465015,robocape,1544.0,1770.7596572
1446038405918013719,39,1446038405889307022,robocape,1600.0,1780.66726503
1446038405986285969,40,1446038405958842992,robocape,1629.0,1787.84115295
1446038406057268969,41,1446038406027851104,robocape,1628.0,1790.67652059
1446038406124960969,42,1446038406095350980,robocape,1633.0,1773.52930076
1446038406196684719,43,1446038406169296026,robocape,1629.0,1718.62720783
1446038406264951261,44,1446038406251058101,robocape,1636.0,1605.88709638
1446038406331910428,45,1446038406318130016,robocape,1644.0,1550.89436484
1446038406407539511,46,1446038406387567043,robocape,1631.0,1581.52231194
1446038406484233553,47,1446038406456897974,robocape,1628.0,1528.50793106
1446038406555682720,48,1446038406526103973,robocape,1635.0,1493.60882463
1446038406625042553,49,1446038406600984096,robocape,1657.0,1452.34837313
1446038406724693720,50,1446038406695714950,robocape,1654.0,1422.30908373
1446038406803921928,51,1446038406773632049,robocape,1646.0,1383.41016268
1446038406863734845,52,1446038406850104093,robocape,1646.0,1367.56363397
1446038406931384178,53,1446038406917268037,robocape,1639.0,1382.66212799
1446038406998581136,54,1446038406984093904,robocape,1633.0,1433.784621
1446038407081715720,55,1446038407055005073,robocape,1632.0,1578.52388482
1446038407148391136,56,1446038407107321977,robocape,1632.0,1683.93989859
1446038407223892845,57,1446038407175072908,robocape,1632.0,1708.50675552
1446038407292998595,58,1446038407264833927,robocape,1637.0,1636.6285557
1446038407361051428,59,1446038407348480939,robocape,1631.0,1566.7054055
1446038407430201053,60,1446038407402865886,robocape,1633.0,1474.07460344
1446038407497397678,61,1446038407483570098,robocape,1642.0,1541.52936849
1446038407589213012,62,1446038407545835971,robocape,1635.0,1674.7390812
1446038407674254720,63,1446038407626610994,robocape,1635.0,1715.53196247
1446038407756707428,64,1446038407727840900,robocape,1637.0,1746.21130024
1446038407823288553,65,1446038407795109987,robocape,1662.0,1678.24904704
1446038407891756470,66,1446038407861831903,robocape,1665.0,1590.28134273
1446038407959018095,67,1446038407930583000,robocape,1631.0,1615.03261672
1446038408059882262,68,1446038407997905969,robocape,1669.0,1675.07767485
1446038408155847804,69,1446038408097244977,robocape,1666.0,1621.59630093
1446038408229184137,70,1446038408196630001,robocape,1678.0,1582.23947617
1446038408294131512,71,1446038408281364917,robocape,1725.0,1607.20036712
1446038408388573804,72,1446038408337430953,robocape,1733.0,1556.50167538
1446038408487977304,73,1446038408428442001,robocape,1742.0,1536.30643696
1446038408558184512,74,1446038408527143955,robocape,1753.0,1499.01956162
1446038408625529429,75,1446038408596147060,robocape,1765.0,1488.15109294
1446038408725128096,76,1446038408684300899,robocape,1755.0,1446.27757665
1446038408793012137,77,1446038408763521909,robocape,1751.0,1425.39575488
1446038408860329304,78,1446038408835966110,robocape,1740.0,1427.68765498
1446038408936101637,79,1446038408903559923,robocape,1733.0,1440.65287639
1446038408996634804,80,1446038408981558084,robocape,1744.0,1458.10350288
1446038409079904429,81,1446038409044859886,robocape,1736.0,1480.38813003
1446038409148257471,82,1446038409116909027,robocape,1734.0,1490.24571299
1446038409208811262,83,1446038409189322948,robocape,1741.0,1492.09481067
1446038409284044971,84,1446038409257854938,robocape,1726.0,1475.31123243
1446038409350289846,85,1446038409323405981,robocape,1725.0,1452.72434777
1446038409416813013,86,1446038409389867067,robocape,1721.0,1435.47147554
1446038409492682138,87,1446038409457302093,robocape,1711.0,1427.46811122
1446038409563719846,88,1446038409533632993,robocape,1713.0,1433.49725977
1446038409754427263,89,1446038409603555917,robocape,1708.0,1505.35083373
1446038409822237054,90,1446038409791870117,robocape,1696.0,1522.36595289
1446038409885869221,91,1446038409858278036,robocape,1696.0,1539.06417363
1446038409952398138,92,1446038409925045013,robocape,1687.0,1535.96429148
1446038410141468471,93,1446038409989424943,robocape,1652.0,1469.35350417
1446038410207361430,94,1446038410188016891,robocape,1642.0,1458.58303307
1446038410379989305,95,1446038410253205060,robocape,1632.0,1444.36385005
1446038410430669930,96,1446038410405910968,robocape,1633.0,1473.17698455
1446038410521709430,97,1446038410480648994,robocape,1564.0,1485.10346035
1446038410586117888,98,1446038410560628890,robocape,1549.0,1490.0350106
1446038410648178263,99,1446038410622200012,robocape,1519.0,1490.99934681
1446038410746024638,100,1446038410711646080,robocape,1507.0,1466.42665619
1446038410803123055,101,1446038410772150039,robocape,1498.0,1460.04348577
1446038410863036138,102,1446038410849841117,robocape,1502.0,1442.99030545
1446038411116897513,103,1446038410902445077,robocape,1502.0,1495.86428371
1446038411216893805,104,1446038411154174089,robocape,1555.0,1528.43864003
1446038411282373138,105,1446038411255700111,robocape,1642.0,1534.42613696
1446038411414945889,106,1446038411318533897,robocape,1667.0,1475.65082691
1446038411473489180,107,1446038411452023983,robocape,1607.0,1460.62102127
1446038411618923972,108,1446038411514147996,robocape,1599.0,1407.48101252
1446038411720654764,109,1446038411670115947,robocape,1519.0,1445.58392947
1446038411783726347,110,1446038411757697105,robocape,1495.0,1456.25879965
1446038411840448097,111,1446038411818542003,robocape,1502.0,1461.08346798
1446038411893883472,112,1446038411881967067,robocape,1501.0,1482.85138469
1446038411957900180,113,1446038411930862903,robocape,1490.0,1498.81971903
1446038412120045431,114,1446038411994443893,robocape,1485.0,1490.37742841
1446038412186139097,115,1446038412156502008,robocape,1346.0,1462.23896337
1446038412241822722,116,1446038412222804069,robocape,1324.0,1453.84985341
1446038412318627431,117,1446038412284940958,robocape,1175.0,1412.57930955
1446038412381653972,118,1446038412355617046,robocape,1090.0,1403.56746192
1446038412485635806,119,1446038412416523933,robocape,1090.0,1437.98705656
1446038412753782931,120,1446038412521574974,robocape,1090.0,1683.30212024
1446038412809978264,121,1446038412789721965,robocape,1089.0,1707.14540698
1446038412873772473,122,1446038412855228900,robocape,1090.0,1772.64009436
1446038412930482181,123,1446038412917171955,robocape,1090.0,1800.0
1446038412994542056,124,1446038412969793081,robocape,1083.0,1786.14669732
1446038413058937014,125,1446038413030864953,robocape,1090.0,1738.32755805
1446038413121979514,126,1446038413095088958,robocape,1090.0,1656.13766102
1446038413219521681,127,1446038413158662080,robocape,1090.0,1773.69270182
1446038413350634764,128,1446038413256349086,robocape,1090.0,1721.71546723
1446038413449831639,129,1446038413385669946,robocape,1090.0,1708.92290217
1446038413513969806,130,1446038413486160039,robocape,1090.0,1709.57526419
1446038413579656473,131,1446038413550864934,robocape,1090.0,1698.6211926
1446038413653489931,132,1446038413614192962,robocape,1090.0,1679.25820187
1446038413731164640,133,1446038413717402935,robocape,1090.0,1673.91799447
1446038413818384515,134,1446038413766592979,robocape,1090.0,1635.36154625
1446038413930141598,135,1446038413855395078,robocape,1090.0,1601.80082972
1446038413993800515,136,1446038413981786966,robocape,1090.0,1576.79031778
1446038414092740765,137,1446038414030347108,robocape,1090.0,1507.04333325
1446038414156192723,138,1446038414127968072,robocape,1090.0,1502.06066403
1446038414210171848,139,1446038414191647052,robocape,1089.0,1473.49689648
1446038414282254723,140,1446038414255933046,robocape,1090.0,1413.61839239
1446038414336826182,141,1446038414317306995,robocape,1090.0,1397.11316335
1446038414393615890,142,1446038414380383014,robocape,1091.0,1359.72878322
1446038414458618015,143,1446038414430984020,robocape,1241.0,1328.12965521
1446038414520347557,144,1446038414494546890,robocape,1354.0,1295.40976285
1446038414693832890,145,1446038414558458089,robocape,1453.0,1211.95763707
1446038414758909265,146,1446038414731066942,robocape,1493.0,1200.0
1446038414819541307,147,1446038414792846918,robocape,1494.0,1200.0
1446038414980048557,148,1446038414857178926,robocape,1498.0,1200.0
1446038415028407682,149,1446038415004515886,robocape,1501.0,1200.0
1446038415092852974,150,1446038415080018043,robocape,1497.0,1200.0
1446038415157183390,151,1446038415141614913,robocape,1497.0,1200.0
1446038415227839265,152,1446038415193473100,robocape,1544.0,1200.0
1446038415291549515,153,1446038415278944969,robocape,1543.0,1200.0
1446038415400314432,154,1446038415326256036,robocape,1513.0,1200.0
1446038415479686099,155,1446038415450004100,robocape,1522.0,1200.0
1446038415550581265,156,1446038415523232936,robocape,1627.0,1200.0
1446038415613207516,157,1446038415586961984,robocape,1560.0,1200.0
1446038415695722224,158,1446038415648293972,robocape,1498.0,1200.0
1446038415758783932,159,1446038415745471000,robocape,1501.0,1200.0
1446038415885423557,160,1446038415793910026,robocape,1502.0,1200.0
1446038415940686474,161,1446038415922200918,robocape,1503.0,1200.0
1446038416047480432,162,1446038415994896888,robocape,1498.0,1200.0
1446038416131514182,163,1446038416071917057,robocape,1501.0,1200.0
1446038416213780766,164,1446038416180541038,robocape,1502.0,1200.0
1446038416278843307,165,1446038416246926069,robocape,1510.0,1200.0
1446038416325896891,166,1446038416314435958,robocape,1523.0,1200.0
1446038416390498224,167,1446038416360852003,robocape,1565.0,1200.0
1446038416452452974,168,1446038416426592111,robocape,1570.0,1200.0
1446038416506599641,169,1446038416487466096,robocape,1566.0,1200.0
1446038416566657224,170,1446038416549072980,robocape,1566.0,1200.0
1446038416625277766,171,1446038416612859964,robocape,1565.0,1200.0
1446038416715434516,172,1446038416675139904,robocape,1576.0,1200.0
