%time,field.header.seq,field.header.stamp,field.header.frame_id,field.temperature,field.variance
1446038655377072159,1,1446038655190294981,robocape,1490.0,1494.0
1446038655394394450,2,1446038655223994970,robocape,1492.0,1494.0
1446038655395300992,3,1446038655251463890,robocape,1493.0,1494.0
1446038655396641534,4,1446038655295372009,robocape,1498.0,1488.0
1446038655397090117,5,1446038655333461999,robocape,1498.0,1489.0
1446038655397625909,6,1446038655365201950,robocape,1497.0,1489.0
1446038655426301450,7,1446038655399661064,robocape,1492.0,1495.0
1446038655445572325,8,1446038655433661937,robocape,1489.0,1493.0
1446038655464923325,9,1446038655463251113,robocape,1492.0,1495.0
1446038655498480034,10,1446038655496552944,robocape,1490.0,1494.0
1446038655530742909,11,1446038655529052972,robocape,1495.0,1490.0
1446038655563358159,12,1446038655561745882,robocape,1497.0,1489.0
1446038655595835284,13,1446038655594070911,robocape,1497.0,1489.0
1446038655628204701,14,1446038655626949071,robocape,1497.0,1495.0
1446038655661491826,15,1446038655660206079,robocape,1492.0,1494.0
1446038655693824117,16,1446038655692682981,robocape,1490.0,1495.0
1446038655726841201,17,1446038655725641012,robocape,1493.0,1495.0
1446038655759681951,18,1446038655758378028,robocape,1497.0,1488.0
1446038655792578242,19,1446038655791249036,robocape,1495.0,1489.0
1446038655825634117,20,1446038655824163913,robocape,1495.0,1489.0
1446038655858467034,21,1446038655857129096,robocape,1497.0,1488.0
1446038655891123617,22,1446038655889890909,robocape,1489.0,1495.0
1446038655924149242,23,1446038655922714948,robocape,1492.0,1494.0
1446038655957114617,24,1446038655955666065,robocape,1490.0,1494.0
1446038655989787534,25,1446038655988464117,robocape,1497.0,1495.0
1446038656022679326,26,1446038656021332979,robocape,1495.0,1488.0
1446038656055513951,27,1446038656054210901,robocape,1499.0,1488.0
1446038656088409784,28,1446038656087141990,robocape,1497.0,1489.0
1446038656121220826,29,1446038656119884967,robocape,1492.0,1495.0
1446038656154212076,30,1446038656152888059,robocape,1490.0,1494.0
1446038656187207367,31,1446038656185751914,robocape,1490.0,1495.0
1446038656219830326,32,1446038656218506097,robocape,1490.0,1494.0
1446038656252756909,33,1446038656251462936,robocape,1498.0,1489.0
1446038656285558743,34,1446038656284244060,robocape,1495.0,1488.0
1446038656318515326,35,1446038656317198991,robocape,1498.0,1488.0
1446038656351223909,36,1446038656349900007,robocape,1497.0,1494.0
1446038656389152826,37,1446038656386728048,robocape,1492.0,1494.0
1446038656417973868,38,1446038656416438102,robocape,1490.0,1494.0
1446038656449847034,39,1446038656448599100,robocape,1492.0,1494.0
1446038656483457743,40,1446038656482135057,robocape,1497.0,1489.0
1446038656516473451,41,1446038656515052080,robocape,1495.0,1488.0
1446038656548546034,42,1446038656547108888,robocape,1495.0,1488.0
1446038656582139659,43,1446038656580739974,robocape,1498.0,1488.0
1446038656614957784,44,1446038656613492965,robocape,1490.0,1494.0
1446038656647905576,45,1446038656646148920,robocape,1490.0,1494.0
1446038656680551493,46,1446038656679313898,robocape,1492.0,1494.0
1446038656713435743,47,1446038656712187051,robocape,1494.0,1494.0
1446038656747994993,48,1446038656746656894,robocape,1494.0,1488.0
1446038656779784284,49,1446038656777796983,robocape,1497.0,1489.0
1446038656813226618,50,1446038656811038017,robocape,1497.0,1488.0
1446038656847434868,51,1446038656845330953,robocape,1492.0,1494.0
1446038656880084909,52,1446038656878053903,robocape,1490.0,1494.0
1446038656913218659,53,1446038656910940885,robocape,1492.0,1494.0
1446038656947162243,54,1446038656945018053,robocape,1490.0,1494.0
1446038656981207951,55,1446038656978661060,robocape,1498.0,1488.0
1446038657013776118,56,1446038657011759042,robocape,1494.0,1489.0
1446038657047465993,57,1446038657043160915,robocape,1495.0,1488.0
1446038657078897076,58,1446038657077671051,robocape,1495.0,1488.0
1446038657112264660,59,1446038657110965967,robocape,1490.0,1494.0
1446038657146525368,60,1446038657145086050,robocape,1490.0,1494.0
1446038657178494285,61,1446038657177201986,robocape,1492.0,1494.0
1446038657211383118,62,1446038657210134029,robocape,1495.0,1488.0
1446038657245326201,63,1446038657237653970,robocape,1498.0,1488.0
1446038657277369076,64,1446038657270550012,robocape,1495.0,1489.0
1446038657305035201,65,1446038657303358078,robocape,1498.0,1502.0
1446038657340761576,66,1446038657336400985,robocape,1489.0,1531.0
1446038657380782201,67,1446038657379410028,robocape,1489.0,1557.0
1446038657403725160,68,1446038657402051925,robocape,1489.0,1581.0
1446038657437056535,69,1446038657435305118,robocape,1498.0,1595.0
1446038657469520951,70,1446038657467878103,robocape,1495.0,1636.0
1446038657502315951,71,1446038657500668048,robocape,1498.0,1670.0
1446038657535315160,72,1446038657533572912,robocape,1489.0,1682.0
1446038657568366701,73,1446038657566715002,robocape,1492.0,1690.0
1446038657601062535,74,1446038657599347114,robocape,1490.0,1671.0
1446038657633954618,75,1446038657632245063,robocape,1490.0,1627.0
1446038657668610535,76,1446038657664841890,robocape,1498.0,1573.0
1446038657699753910,77,1446038657697714090,robocape,1497.0,1503.0
1446038657732298660,78,1446038657730592012,robocape,1495.0,1485.0
1446038657765162118,79,1446038657763493061,robocape,1498.0,1453.0
1446038657798068493,80,1446038657796359062,robocape,1495.0,1401.0
1446038657831326452,81,1446038657829626083,robocape,1498.0,1352.0
1446038657863687035,82,1446038657861974000,robocape,1490.0,1303.0
1446038657896286785,83,1446038657894295930,robocape,1492.0,1266.0
1446038657929001868,84,1446038657927160024,robocape,1489.0,1259.0
1446038657961474868,85,1446038657960176944,robocape,1492.0,1258.0
1446038657994420160,86,1446038657993096113,robocape,1497.0,1251.0
1446038658027042993,87,1446038658025722980,robocape,1498.0,1253.0
1446038658060596077,88,1446038658059037923,robocape,1495.0,1258.0
1446038658093021868,89,1446038658091527938,robocape,1498.0,1267.0
1446038658125742285,90,1446038658124478101,robocape,1489.0,1309.0
1446038658158930993,91,1446038658157506942,robocape,1490.0,1477.0
1446038658191746743,92,1446038658190485000,robocape,1497.0,1489.0
1446038658225015077,93,1446038658223517894,robocape,1498.0,1489.0
1446038658257355243,94,1446038658256020069,robocape,1497.0,1489.0
1446038658290239410,95,1446038658288921117,robocape,1493.0,1495.0
1446038658323039535,96,1446038658321788072,robocape,1490.0,1494.0
1446038658355809160,97,1446038658354554891,robocape,1493.0,1461.0
1446038658391966035,98,1446038658390453100,robocape,1490.0,1381.0
1446038658421769035,99,1446038658420130968,robocape,1492.0,1327.0
1446038658454370535,100,1446038658453032970,robocape,1497.0,1299.0
1446038658487208619,101,1446038658485902070,robocape,1498.0,1279.0
1446038658519965702,102,1446038658518739938,robocape,1495.0,1268.0
1446038658553420785,103,1446038658552145004,robocape,1497.0,1275.0
1446038658586118619,104,1446038658584805965,robocape,1492.0,1275.0
1446038658618636077,105,1446038658617326021,robocape,1492.0,1287.0
1446038658651881077,106,1446038658650566101,robocape,1490.0,1363.0
1446038658684528035,107,1446038658683279037,robocape,1498.0,1486.0
1446038658717552702,108,1446038658716305971,robocape,1497.0,1488.0
1446038658750668994,109,1446038658749416112,robocape,1498.0,1488.0
1446038658783411910,110,1446038658782097101,robocape,1489.0,1494.0
1446038658816464910,111,1446038658815155029,robocape,1492.0,1495.0
1446038658849654910,112,1446038658848201036,robocape,1490.0,1494.0
1446038658882427285,113,1446038658881103992,robocape,1490.0,1495.0
1446038658915326910,114,1446038658913968086,robocape,1494.0,1489.0
1446038658948091410,115,1446038658946841955,robocape,1495.0,1489.0
1446038658981053369,116,1446038658979398012,robocape,1497.0,1489.0
1446038659014603619,117,1446038659012566089,robocape,1495.0,1495.0
1446038659046420535,118,1446038659044910907,robocape,1489.0,1495.0
1446038659079537202,119,1446038659078224897,robocape,1490.0,1495.0
1446038659128967911,120,1446038659127135992,robocape,1492.0,1495.0
1446038659161104036,121,1446038659159813880,robocape,1499.0,1489.0
1446038659193908702,122,1446038659192662954,robocape,1502.0,1489.0
1446038659227066744,123,1446038659225753068,robocape,1503.0,1488.0
1446038659259716994,124,1446038659258399963,robocape,1510.0,1494.0
1446038659292662327,125,1446038659291249990,robocape,1526.0,1495.0
1446038659325677286,126,1446038659324196100,robocape,1544.0,1494.0
1446038659358827869,127,1446038659357474088,robocape,1591.0,1494.0
1446038659391871536,128,1446038659390511035,robocape,1635.0,1489.0
1446038659424142202,129,1446038659422909021,robocape,1650.0,1488.0
1446038659457043869,130,1446038659455735921,robocape,1663.0,1489.0
1446038659489879494,131,1446038659488569021,robocape,1665.0,1488.0
1446038659522762161,132,1446038659521457910,robocape,1666.0,1494.0
1446038659555905369,133,1446038659554450035,robocape,1666.0,1494.0
1446038659588615702,134,1446038659587378978,robocape,1665.0,1494.0
1446038659621294619,135,1446038659620016098,robocape,1673.0,1494.0
1446038659655215077,136,1446038659652890920,robocape,1673.0,1489.0
1446038659687466952,137,1446038659686147928,robocape,1670.0,1489.0
1446038659719979744,138,1446038659718652009,robocape,1665.0,1490.0
1446038659752980702,139,1446038659751641988,robocape,1666.0,1495.0
1446038659785717786,140,1446038659784477949,robocape,1665.0,1497.0
1446038659818520328,141,1446038659817209959,robocape,1665.0,1505.0
1446038659851766869,142,1446038659850356101,robocape,1665.0,1509.0
1446038659884868411,143,1446038659883534908,robocape,1671.0,1502.0
1446038659917272536,144,1446038659915960073,robocape,1670.0,1489.0
1446038659949978828,145,1446038659948736906,robocape,1665.0,1489.0
1446038659983547994,146,1446038659982197046,robocape,1665.0,1494.0
1446038660016374911,147,1446038660015088081,robocape,1665.0,1495.0
1446038660048593369,148,1446038660047250986,robocape,1665.0,1494.0
1446038660081808578,149,1446038660080483913,robocape,1663.0,1494.0
1446038660114979536,150,1446038660113656044,robocape,1670.0,1489.0
1446038660148090703,151,1446038660146754980,robocape,1671.0,1490.0
1446038660180884619,152,1446038660179228067,robocape,1670.0,1493.0
1446038660214973411,153,1446038660211802005,robocape,1665.0,1490.0
1446038660246746369,154,1446038660245497941,robocape,1665.0,1495.0
1446038660280055036,155,1446038660277930974,robocape,1665.0,1495.0
1446038660313054203,156,1446038660311024904,robocape,1665.0,1495.0
1446038660346957494,157,1446038660343509912,robocape,1670.0,1506.0
1446038660384786078,158,1446038660380848884,robocape,1669.0,1510.0
1446038660412732994,159,1446038660411505937,robocape,1670.0,1510.0
1446038660446818953,160,1446038660444741010,robocape,1665.0,1510.0
1446038660479556620,161,1446038660478255987,robocape,1665.0,1503.0
1446038660512948703,162,1446038660511614084,robocape,1663.0,1486.0
1446038660546099745,163,1446038660544780015,robocape,1663.0,1443.0
1446038660579476911,164,1446038660578145027,robocape,1661.0,1417.0
1446038660612696786,165,1446038660611378908,robocape,1667.0,1401.0
1446038660646070661,166,1446038660644515991,robocape,1669.0,1388.0
1446038660678550328,167,1446038660677316904,robocape,1669.0,1388.0
1446038660711807161,168,1446038660710544109,robocape,1661.0,1396.0
1446038660744667161,169,1446038660737871885,robocape,1662.0,1397.0
1446038660774797745,170,1446038660770556926,robocape,1661.0,1409.0
1446038660810598953,171,1446038660803626060,robocape,1662.0,1432.0
1446038660838147120,172,1446038660836370944,robocape,1661.0,1440.0
1446038660871231078,173,1446038660869203090,robocape,1669.0,1434.0
1446038660903990411,174,1446038660902117967,robocape,1667.0,1435.0
1446038660936781953,175,1446038660935075044,robocape,1662.0,1434.0
1446038660970347870,176,1446038660968234062,robocape,1661.0,1440.0
1446038661002537036,177,1446038661000729084,robocape,1661.0,1430.0
1446038661035553786,178,1446038661033662080,robocape,1661.0,1419.0
1446038661069548661,179,1446038661067166090,robocape,1661.0,1406.0
1446038661117236661,180,1446038661115889072,robocape,1665.0,1394.0
1446038661149712286,181,1446038661148282051,robocape,1665.0,1393.0
1446038661182927870,182,1446038661181606054,robocape,1660.0,1393.0
1446038661215755578,183,1446038661214509963,robocape,1658.0,1400.0
1446038661248672453,184,1446038661247387886,robocape,1661.0,1398.0
1446038661281480703,185,1446038661280143976,robocape,1660.0,1401.0
1446038661314509912,186,1446038661312800884,robocape,1660.0,1405.0
1446038661348291120,187,1446038661346117019,robocape,1665.0,1398.0
1446038661386615662,188,1446038661379702091,robocape,1665.0,1402.0
1446038661414692453,189,1446038661411413908,robocape,1665.0,1414.0
1446038661447397370,190,1446038661444013118,robocape,1658.0,1455.0
1446038661480459537,191,1446038661478435039,robocape,1658.0,1490.0
1446038661512798745,192,1446038661511492013,robocape,1660.0,1494.0
1446038661546416162,193,1446038661544912099,robocape,1660.0,1493.0
1446038661579269370,194,1446038661577951908,robocape,1666.0,1484.0
1446038661612859953,195,1446038661611555099,robocape,1666.0,1464.0
1446038661647305495,196,1446038661643521070,robocape,1665.0,1459.0
1446038661679451870,197,1446038661678117036,robocape,1660.0,1465.0
1446038661712655162,198,1446038661711325883,robocape,1661.0,1473.0
1446038661746861870,199,1446038661744658946,robocape,1658.0,1482.0
1446038661779256537,200,1446038661777932882,robocape,1660.0,1489.0
1446038661813360453,201,1446038661809787034,robocape,1665.0,1484.0
1446038661846590912,202,1446038661844367980,robocape,1665.0,1484.0
1446038661878692829,203,1446038661877351999,robocape,1663.0,1460.0
1446038661911358787,204,1446038661904360055,robocape,1660.0,1435.0
1446038661944647870,205,1446038661937330961,robocape,1658.0,1430.0
1446038661977953329,206,1446038661971179962,robocape,1658.0,1430.0
1446038662004815995,207,1446038662003189086,robocape,1658.0,1429.0
1446038662038129829,208,1446038662036267995,robocape,1660.0,1429.0
1446038662070557829,209,1446038662068701028,robocape,1665.0,1422.0
1446038662103539787,210,1446038662101708889,robocape,1665.0,1422.0
1446038662136329245,211,1446038662134490966,robocape,1665.0,1423.0
1446038662169141954,212,1446038662167440891,robocape,1660.0,1430.0
1446038662201825912,213,1446038662200128078,robocape,1657.0,1435.0
1446038662235130162,214,1446038662233510017,robocape,1660.0,1434.0
1446038662267611662,215,1446038662265847921,robocape,1658.0,1442.0
1446038662300512995,216,1446038662298832893,robocape,1663.0,1453.0
1446038662333556662,217,1446038662331736087,robocape,1663.0,1469.0
1446038662366697829,218,1446038662364567041,robocape,1661.0,1488.0
1446038662399058245,219,1446038662397378921,robocape,1657.0,1490.0
1446038662432120537,220,1446038662430275917,robocape,1658.0,1494.0
1446038662464965912,221,1446038662463293075,robocape,1657.0,1494.0
1446038662498292787,222,1446038662496269941,robocape,1657.0,1494.0
1446038662530782370,223,1446038662529107093,robocape,1663.0,1489.0
1446038662564208287,224,1446038662562196969,robocape,1663.0,1489.0
1446038662596139204,225,1446038662594193935,robocape,1663.0,1489.0
1446038662628371162,226,1446038662627054929,robocape,1658.0,1490.0
1446038662661386996,227,1446038662659959077,robocape,1660.0,1497.0
1446038662694079579,228,1446038662692831039,robocape,1660.0,1499.0
1446038662727075579,229,1446038662725850105,robocape,1657.0,1507.0
1446038662760208037,230,1446038662758637905,robocape,1663.0,1514.0
1446038662792860371,231,1446038662791399002,robocape,1663.0,1516.0
1446038662825576746,232,1446038662824271917,robocape,1665.0,1527.0
1446038662858525662,233,1446038662857173919,robocape,1657.0,1528.0
1446038662891331662,234,1446038662890074014,robocape,1658.0,1535.0
1446038662924134787,235,1446038662922893047,robocape,1657.0,1535.0
1446038662957059329,236,1446038662955744028,robocape,1658.0,1535.0
1446038662989890329,237,1446038662988542079,robocape,1657.0,1518.0
1446038663022745912,238,1446038663021435022,robocape,1665.0,1489.0
1446038663055745746,239,1446038663054323911,robocape,1663.0,1489.0
1446038663088538787,240,1446038663087275981,robocape,1666.0,1488.0
1446038663121424454,241,1446038663120176076,robocape,1658.0,1489.0
1446038663177430454,242,1446038663170399904,robocape,1660.0,1494.0
1446038663219969287,243,1446038663218638896,robocape,1658.0,1494.0
1446038663252774037,244,1446038663251518964,robocape,1663.0,1489.0
1446038663285738579,245,1446038663284477949,robocape,1665.0,1489.0
1446038663318502121,246,1446038663317198991,robocape,1663.0,1490.0
1446038663351399413,247,1446038663350073099,robocape,1660.0,1490.0
1446038663389276788,248,1446038663387993097,robocape,1658.0,1497.0
1446038663419480288,249,1446038663418138027,robocape,1658.0,1516.0
1446038663450585538,250,1446038663449223041,robocape,1658.0,1544.0
1446038663483602663,251,1446038663482289075,robocape,1665.0,1552.0
1446038663516543579,252,1446038663515120029,robocape,1662.0,1553.0
1446038663548783496,253,1446038663547302961,robocape,1666.0,1558.0
1446038663582399163,254,1446038663581018924,robocape,1656.0,1565.0
1446038663615546746,255,1446038663614219903,robocape,1658.0,1576.0
1446038663647301663,256,1446038663646044015,robocape,1657.0,1576.0
1446038663680914788,257,1446038663679004907,robocape,1658.0,1576.0
1446038663715059454,258,1446038663713732957,robocape,1658.0,1570.0
1446038663746519288,259,1446038663745277881,robocape,1665.0,1558.0
1446038663780425496,260,1446038663777926921,robocape,1663.0,1556.0
1446038663813752329,261,1446038663812423944,robocape,1657.0,1556.0
1446038663847187663,262,1446038663845186948,robocape,1658.0,1552.0
1446038663880395704,263,1446038663876996994,robocape,1658.0,1548.0
1446038663913139913,264,1446038663910912036,robocape,1656.0,1543.0
1446038663946782621,265,1446038663945466995,robocape,1660.0,1544.0
1446038663979360288,266,1446038663978122949,robocape,1663.0,1537.0
1446038664011663496,267,1446038664010313987,robocape,1665.0,1540.0
1446038664047383788,268,1446038664042989969,robocape,1665.0,1549.0
1446038664080864705,269,1446038664076981067,robocape,1658.0,1561.0
1446038664112576830,270,1446038664111124992,robocape,1658.0,1569.0
1446038664146942038,271,1446038664144443035,robocape,1658.0,1568.0
1446038664179259830,272,1446038664177941083,robocape,1660.0,1569.0
1446038664211707621,273,1446038664210448980,robocape,1666.0,1566.0
1446038664245415246,274,1446038664237860918,robocape,1666.0,1555.0
1446038664277985163,275,1446038664271075963,robocape,1666.0,1555.0
1446038664305220330,276,1446038664303544044,robocape,1658.0,1555.0
1446038664338003871,277,1446038664336354017,robocape,1660.0,1560.0
1446038664384571246,278,1446038664380621910,robocape,1658.0,1560.0
1446038664403835746,279,1446038664402192115,robocape,1660.0,1558.0
1446038664436659788,280,1446038664435008049,robocape,1657.0,1560.0
1446038664469549580,281,1446038664467922925,robocape,1665.0,1553.0
1446038664502815121,282,1446038664500775098,robocape,1665.0,1553.0
1446038664535533705,283,1446038664533766984,robocape,1660.0,1553.0
1446038664568608913,284,1446038664566569089,robocape,1657.0,1553.0
1446038664601056455,285,1446038664599380016,robocape,1660.0,1560.0
1446038664633877913,286,1446038664632200002,robocape,1657.0,1558.0
1446038664667306246,287,1446038664665182113,robocape,1660.0,1560.0
1446038664699636747,288,1446038664697948932,robocape,1663.0,1552.0
1446038664732811955,289,1446038664730792045,robocape,1663.0,1553.0
1446038664765967163,290,1446038664764276981,robocape,1663.0,1552.0
1446038664798297413,291,1446038664796601057,robocape,1660.0,1549.0
1446038664831729247,292,1446038664829706907,robocape,1658.0,1557.0
1446038664864642580,293,1446038664862653017,robocape,1658.0,1556.0
1446038664897079830,294,1446038664895230054,robocape,1657.0,1557.0
1446038664929558413,295,1446038664927599906,robocape,1666.0,1565.0
1446038664962342955,296,1446038664960494995,robocape,1663.0,1564.0
1446038664995545830,297,1446038664993576049,robocape,1667.0,1564.0
1446038665027477955,298,1446038665026164054,robocape,1660.0,1564.0
1446038665060349997,299,1446038665059026956,robocape,1660.0,1565.0
1446038665093663538,300,1446038665091979026,robocape,1658.0,1570.0
1446038665126115830,301,1446038665124800920,robocape,1661.0,1570.0
1446038665158907913,302,1446038665157639026,robocape,1660.0,1570.0
1446038665191910288,303,1446038665190670967,robocape,1666.0,1565.0
1446038665224882413,304,1446038665223458051,robocape,1663.0,1558.0
1446038665257875663,305,1446038665256483078,robocape,1661.0,1549.0
1446038665290488913,306,1446038665289177894,robocape,1660.0,1551.0
1446038665323378038,307,1446038665321953058,robocape,1661.0,1556.0
1446038665356102247,308,1446038665354821920,robocape,1661.0,1556.0
1446038665390617789,309,1446038665388293981,robocape,1661.0,1557.0
1446038665421822997,310,1446038665420501947,robocape,1666.0,1551.0
1446038665454842955,311,1446038665453500032,robocape,1666.0,1549.0
1446038665487597289,312,1446038665486268997,robocape,1665.0,1551.0
1446038665520396039,313,1446038665519156932,robocape,1658.0,1555.0
1446038665553481247,314,1446038665552058935,robocape,1660.0,1565.0
1446038665586193205,315,1446038665584846019,robocape,1660.0,1565.0
1446038665619028372,316,1446038665617727994,robocape,1660.0,1566.0
1446038665651992830,317,1446038665650640010,robocape,1665.0,1568.0
1446038665684786664,318,1446038665683468103,robocape,1665.0,1564.0
1446038665717828289,319,1446038665716510057,robocape,1666.0,1561.0
1446038665750736830,320,1446038665749309062,robocape,1658.0,1562.0
1446038665783337414,321,1446038665782012939,robocape,1660.0,1562.0
1446038665816634205,322,1446038665815265893,robocape,1661.0,1569.0
1446038665849662789,323,1446038665848197937,robocape,1661.0,1569.0
1446038665882723955,324,1446038665881385087,robocape,1658.0,1566.0
1446038665915548664,325,1446038665914161920,robocape,1665.0,1560.0
1446038665948530580,326,1446038665947218894,robocape,1663.0,1560.0
1446038665981131122,327,1446038665979722976,robocape,1658.0,1562.0
1446038666014149122,328,1446038666012895107,robocape,1658.0,1560.0
1446038666047024455,329,1446038666045646905,robocape,1660.0,1566.0
1446038666082089706,330,1446038666079858064,robocape,1658.0,1566.0
1446038666113310706,331,1446038666111318111,robocape,1660.0,1566.0
1446038666146986997,332,1446038666144821882,robocape,1663.0,1560.0
1446038666180462664,333,1446038666176861047,robocape,1665.0,1561.0
1446038666212467997,334,1446038666211173057,robocape,1663.0,1560.0
1446038666245667372,335,1446038666244349002,robocape,1660.0,1561.0
1446038666279737206,336,1446038666277647018,robocape,1658.0,1566.0
1446038666313079456,337,1446038666311095952,robocape,1660.0,1566.0
1446038666346333331,338,1446038666344304084,robocape,1658.0,1568.0
1446038666386582164,339,1446038666380450963,robocape,1661.0,1568.0
1446038666412750747,340,1446038666411525964,robocape,1665.0,1560.0
1446038666445468122,341,1446038666444148063,robocape,1666.0,1560.0
1446038666479227206,342,1446038666477875947,robocape,1658.0,1561.0
1446038666512199539,343,1446038666510947942,robocape,1661.0,1561.0
1446038666544911997,344,1446038666543591976,robocape,1658.0,1566.0
1446038666577989872,345,1446038666571207046,robocape,1660.0,1566.0
1446038666605692831,346,1446038666604012966,robocape,1658.0,1566.0
1446038666638524539,347,1446038666636863946,robocape,1667.0,1561.0
1446038666671841914,348,1446038666669933080,robocape,1665.0,1561.0
1446038666704964622,349,1446038666703268051,robocape,1666.0,1561.0
1446038666737178664,350,1446038666735533952,robocape,1658.0,1566.0
1446038666770271998,351,1446038666768340110,robocape,1660.0,1574.0
1446038666802906664,352,1446038666801237106,robocape,1660.0,1574.0
1446038666836075914,353,1446038666834048986,robocape,1661.0,1574.0
1446038666868917289,354,1446038666867052078,robocape,1665.0,1568.0
1446038666901435748,355,1446038666899765968,robocape,1665.0,1568.0
1446038666934235789,356,1446038666932569980,robocape,1663.0,1568.0
1446038666967240623,357,1446038666965533018,robocape,1658.0,1568.0
1446038667000295331,358,1446038666998903036,robocape,1658.0,1574.0
1446038667033230039,359,1446038667031215906,robocape,1658.0,1574.0
1446038667065851998,360,1446038667064165115,robocape,1658.0,1574.0
1446038667101222539,361,1446038667099819898,robocape,1661.0,1574.0
1446038667131682248,362,1446038667130418062,robocape,1665.0,1568.0
1446038667164677456,363,1446038667162976026,robocape,1666.0,1568.0
1446038667197661456,364,1446038667195775032,robocape,1658.0,1568.0
1446038667230659914,365,1446038667228712081,robocape,1661.0,1568.0
1446038667263080998,366,1446038667261013984,robocape,1660.0,1574.0
1446038667295074248,367,1446038667293740987,robocape,1662.0,1574.0
1446038667328098998,368,1446038667326600074,robocape,1660.0,1576.0
1446038667360798956,369,1446038667359462976,robocape,1667.0,1569.0
1446038667393745039,370,1446038667392415046,robocape,1666.0,1568.0
1446038667426521414,371,1446038667425246953,robocape,1669.0,1568.0
1446038667459577456,372,1446038667458297967,robocape,1662.0,1568.0
1446038667492244206,373,1446038667490925073,robocape,1663.0,1574.0
1446038667525158290,374,1446038667523804903,robocape,1662.0,1574.0
1446038667558084206,375,1446038667556752920,robocape,1663.0,1574.0
1446038667590884956,376,1446038667589571952,robocape,1669.0,1574.0
1446038667624086706,377,1446038667622612953,robocape,1670.0,1568.0
1446038667656923040,378,1446038667655343055,robocape,1667.0,1568.0
1446038667689462331,379,1446038667688153028,robocape,1667.0,1568.0
1446038667722549123,380,1446038667720995903,robocape,1681.0,1568.0
1446038667755399165,381,1446038667753915071,robocape,1690.0,1573.0
1446038667788003123,382,1446038667786755084,robocape,1688.0,1570.0
1446038667820984123,383,1446038667819647073,robocape,1688.0,1566.0
1446038667853896206,384,1446038667852443933,robocape,1696.0,1555.0
1446038667886733998,385,1446038667885426998,robocape,1700.0,1549.0
1446038667919497998,386,1446038667918173074,robocape,1696.0,1547.0
1446038667952370123,387,1446038667951060056,robocape,1696.0,1545.0
1446038667985409081,388,1446038667983941078,robocape,1695.0,1548.0
1446038668018086206,389,1446038668016822099,robocape,1699.0,1541.0
1446038668050951206,390,1446038668049611091,robocape,1698.0,1535.0
1446038668083879415,391,1446038668082581996,robocape,1704.0,1526.0
1446038668117302831,392,1446038668115966081,robocape,1705.0,1498.0
1446038668150291415,393,1446038668148844003,robocape,1705.0,1490.0
1446038668183419082,394,1446038668181987047,robocape,1699.0,1489.0
1446038668216294498,395,1446038668214936017,robocape,1702.0,1495.0
1446038668248745457,396,1446038668247499942,robocape,1700.0,1495.0
1446038668281553248,397,1446038668280239105,robocape,1702.0,1495.0
1446038668314573707,398,1446038668313182115,robocape,1700.0,1495.0
1446038668347410332,399,1446038668346080064,robocape,1707.0,1488.0
1446038668386556248,400,1446038668385059118,robocape,1704.0,1469.0
1446038668412977748,401,1446038668411746025,robocape,1707.0,1443.0
1446038668445837873,402,1446038668444590091,robocape,1702.0,1427.0
1446038668479159707,403,1446038668477843999,robocape,1702.0,1434.0
1446038668513195665,404,1446038668509969949,robocape,1700.0,1432.0
1446038668546649915,405,1446038668543021917,robocape,1702.0,1432.0
1446038668579895790,406,1446038668577862977,robocape,1699.0,1432.0
1446038668612994457,407,1446038668611011981,robocape,1708.0,1427.0
1446038668646368498,408,1446038668644346952,robocape,1705.0,1426.0
1446038668679332457,409,1446038668678009986,robocape,1702.0,1432.0
1446038668712458165,410,1446038668710958003,robocape,1700.0,1448.0
1446038668745679332,411,1446038668744371891,robocape,1702.0,1464.0
1446038668779933498,412,1446038668777955055,robocape,1702.0,1494.0
1446038668823185457,413,1446038668821929931,robocape,1709.0,1488.0
1446038668856068873,414,1446038668854808092,robocape,1709.0,1488.0
1446038668889168540,415,1446038668887906074,robocape,1708.0,1489.0
1446038668921821874,416,1446038668920496940,robocape,1705.0,1489.0
1446038668954632957,417,1446038668953327894,robocape,1705.0,1494.0
1446038668987587624,418,1446038668986237049,robocape,1708.0,1494.0
1446038669020794040,419,1446038669019449949,robocape,1711.0,1494.0
1446038669053228040,420,1446038669051991939,robocape,1709.0,1494.0
1446038669086222874,421,1446038669084923028,robocape,1717.0,1488.0
1446038669119189249,422,1446038669117683887,robocape,1716.0,1489.0
1446038669151939040,423,1446038669150640010,robocape,1709.0,1488.0
1446038669184762415,424,1446038669183417081,robocape,1709.0,1495.0
1446038669217557499,425,1446038669216306924,robocape,1708.0,1494.0
1446038669250437749,426,1446038669249186038,robocape,1709.0,1494.0
1446038669283282707,427,1446038669281970977,robocape,1709.0,1495.0
1446038669316510874,428,1446038669315192937,robocape,1715.0,1488.0
1446038669349690499,429,1446038669348349094,robocape,1715.0,1488.0
1446038669387214749,430,1446038669383219957,robocape,1709.0,1488.0
1446038669415445457,431,1446038669414123058,robocape,1708.0,1488.0
1446038669448205082,432,1446038669446952104,robocape,1708.0,1488.0
1446038669481418124,433,1446038669480154991,robocape,1708.0,1468.0
1446038669513941832,434,1446038669512639045,robocape,1708.0,1455.0
1446038669546999249,435,1446038669545002937,robocape,1711.0,1447.0
1446038669580162374,436,1446038669577876091,robocape,1716.0,1439.0
1446038669612378332,437,1446038669611059904,robocape,1715.0,1436.0
1446038669646932249,438,1446038669644918918,robocape,1708.0,1434.0
1446038669680312582,439,1446038669678080081,robocape,1708.0,1436.0
1446038669712775416,440,1446038669711054086,robocape,1709.0,1423.0
1446038669745580666,441,1446038669744252920,robocape,1707.0,1418.0
1446038669780887332,442,1446038669778655052,robocape,1709.0,1418.0
1446038669812691874,443,1446038669811366081,robocape,1715.0,1411.0
1446038669847200707,444,1446038669843383073,robocape,1713.0,1413.0
1446038669879771207,445,1446038669878393888,robocape,1707.0,1415.0
1446038669912045624,446,1446038669910717964,robocape,1708.0,1425.0
1446038669946842416,447,1446038669943056106,robocape,1708.0,1429.0
1446038669979224332,448,1446038669977994918,robocape,1708.0,1429.0
1446038670011864457,449,1446038670010535001,robocape,1709.0,1429.0
1446038670045203832,450,1446038670043885946,robocape,1713.0,1427.0
1446038670077919957,451,1446038670070952892,robocape,1712.0,1423.0
1446038670111092541,452,1446038670104199886,robocape,1715.0,1422.0
1446038670141003541,453,1446038670136778116,robocape,1708.0,1423.0
1446038670171734666,454,1446038670170038938,robocape,1707.0,1430.0
1446038670204555832,455,1446038670202579021,robocape,1708.0,1438.0
1446038670237123624,456,1446038670235466003,robocape,1708.0,1455.0
1446038670270331833,457,1446038670268251895,robocape,1708.0,1465.0
1446038670302814916,458,1446038670301137924,robocape,1713.0,1461.0
1446038670335751333,459,1446038670334057092,robocape,1712.0,1463.0
1446038670368731166,460,1446038670366960048,robocape,1708.0,1463.0
1446038670401712083,461,1446038670399749040,robocape,1708.0,1468.0
1446038670434396874,462,1446038670432691097,robocape,1708.0,1467.0
1446038670467358124,463,1446038670465394020,robocape,1708.0,1448.0
1446038670500242999,464,1446038670498241901,robocape,1708.0,1439.0
1446038670533236666,465,1446038670531344890,robocape,1715.0,1427.0
1446038670565994916,466,1446038670564270019,robocape,1713.0,1427.0
1446038670598494333,467,1446038670596868991,robocape,1708.0,1429.0
1446038670631750374,468,1446038670629750967,robocape,1707.0,1435.0
1446038670665162374,469,1446038670663212060,robocape,1708.0,1440.0
1446038670697429666,470,1446038670695724010,robocape,1708.0,1447.0
1446038670730403499,471,1446038670728574037,robocape,1707.0,1446.0
1446038670763841708,472,1446038670761179924,robocape,1713.0,1448.0
1446038670795502541,473,1446038670793662071,robocape,1712.0,1450.0
1446038670828246374,474,1446038670826533079,robocape,1716.0,1460.0
1446038670860772583,475,1446038670859422922,robocape,1707.0,1468.0
1446038670893794166,476,1446038670892312049,robocape,1707.0,1477.0
1446038670926487374,477,1446038670925223112,robocape,1707.0,1484.0
1446038670959321416,478,1446038670958070993,robocape,1708.0,1494.0
1446038670992361083,479,1446038670990909099,robocape,1715.0,1494.0
1446038671025064791,480,1446038671023755073,robocape,1712.0,1488.0
1446038671057962458,481,1446038671056649923,robocape,1712.0,1488.0
1446038671090960291,482,1446038671089524984,robocape,1707.0,1488.0
1446038671123695625,483,1446038671122446060,robocape,1707.0,1494.0
1446038671156501750,484,1446038671155206918,robocape,1707.0,1495.0
1446038671189387291,485,1446038671188075065,robocape,1708.0,1495.0
1446038671222242750,486,1446038671220937967,robocape,1707.0,1497.0
1446038671255381833,487,1446038671253842115,robocape,1713.0,1490.0
1446038671288002750,488,1446038671286746978,robocape,1715.0,1490.0
1446038671320818500,489,1446038671319576978,robocape,1708.0,1490.0
1446038671353690875,490,1446038671352395057,robocape,1708.0,1495.0
1446038671390551958,491,1446038671388108968,robocape,1708.0,1495.0
1446038671419467041,492,1446038671418143987,robocape,1709.0,1495.0
1446038671452392958,493,1446038671451054096,robocape,1709.0,1497.0
1446038671485168083,494,1446038671483923912,robocape,1712.0,1489.0
1446038671518052041,495,1446038671516819000,robocape,1713.0,1488.0
1446038671550989833,496,1446038671549705982,robocape,1711.0,1488.0
1446038671583939833,497,1446038671582421064,robocape,1707.0,1482.0
1446038671617218333,498,1446038671615896940,robocape,1707.0,1477.0
1446038671650358791,499,1446038671648917913,robocape,1708.0,1474.0
1446038671682440333,500,1446038671681200027,robocape,1708.0,1473.0
1446038671733234000,501,1446038671730755090,robocape,1708.0,1473.0
1446038671766309250,502,1446038671764151096,robocape,1713.0,1468.0
1446038671799198458,503,1446038671797379970,robocape,1707.0,1467.0
1446038671831586667,504,1446038671829663991,robocape,1708.0,1468.0
1446038671864064917,505,1446038671862416982,robocape,1705.0,1474.0
1446038671897285417,506,1446038671895206928,robocape,1707.0,1495.0
1446038671929490625,507,1446038671927546977,robocape,1707.0,1495.0
1446038671962253167,508,1446038671960426092,robocape,1715.0,1495.0
1446038671994803708,509,1446038671993417978,robocape,1712.0,1490.0
1446038672027380625,510,1446038672026093959,robocape,1715.0,1490.0
1446038672060291083,511,1446038672058968067,robocape,1707.0,1488.0
1446038672093264750,512,1446038672091892957,robocape,1708.0,1457.0
1446038672125880625,513,1446038672124636888,robocape,1707.0,1421.0
1446038672158787000,514,1446038672157541990,robocape,1708.0,1408.0
1446038672191948792,515,1446038672190344095,robocape,1705.0,1408.0
1446038672224541083,516,1446038672223222970,robocape,1715.0,1422.0
1446038672257628917,517,1446038672256300926,robocape,1712.0,1453.0
1446038672290440833,518,1446038672289108991,robocape,1707.0,1480.0
1446038672323148750,519,1446038672321913003,robocape,1705.0,1493.0
1446038672356011750,520,1446038672354758977,robocape,1707.0,1485.0
1446038672391925292,521,1446038672388345003,robocape,1705.0,1463.0
1446038672421731000,522,1446038672420430898,robocape,1705.0,1440.0
1446038672454563334,523,1446038672453258037,robocape,1707.0,1432.0
1446038672487479209,524,1446038672486157894,robocape,1712.0,1426.0
1446038672520281917,525,1446038672519047975,robocape,1713.0,1439.0
1446038672553292792,526,1446038672552054882,robocape,1709.0,1460.0
1446038672586248667,527,1446038672584753990,robocape,1707.0,1478.0
1446038672618878542,528,1446038672617573976,robocape,1707.0,1468.0
1446038672651981834,529,1446038672650484085,robocape,1707.0,1444.0
1446038672684861584,530,1446038672683381080,robocape,1707.0,1426.0
1446038672717488042,531,1446038672716243028,robocape,1712.0,1418.0
1446038672750329625,532,1446038672749078035,robocape,1713.0,1417.0
1446038672783260875,533,1446038672781961917,robocape,1707.0,1413.0
1446038672816479792,534,1446038672815160989,robocape,1708.0,1415.0
1446038672849606792,535,1446038672848268032,robocape,1705.0,1415.0
1446038672882600459,536,1446038672881273984,robocape,1708.0,1417.0
1446038672915338542,537,1446038672914016008,robocape,1705.0,1422.0
1446038672948297459,538,1446038672946971893,robocape,1715.0,1430.0
1446038672982415042,539,1446038672980957984,robocape,1712.0,1442.0
1446038673014027667,540,1446038673012361049,robocape,1708.0,1456.0
1446038673048750834,541,1446038673045219898,robocape,1705.0,1473.0
1446038673079489417,542,1446038673078099966,robocape,1707.0,1482.0
1446038673113119501,543,1446038673111104965,robocape,1707.0,1493.0
1446038673147332917,544,1446038673145306110,robocape,1708.0,1493.0
1446038673180177042,545,1446038673178168058,robocape,1712.0,1473.0
1446038673212431167,546,1446038673211098909,robocape,1712.0,1467.0
1446038673246957542,547,1446038673243449926,robocape,1712.0,1459.0
1446038673280042084,548,1446038673278028964,robocape,1707.0,1455.0
1446038673313153042,549,1446038673311150074,robocape,1707.0,1461.0
1446038673347245167,550,1446038673344873905,robocape,1708.0,1461.0
1446038673385283834,551,1446038673379599094,robocape,1707.0,1461.0
1446038673412960959,552,1446038673411725044,robocape,1707.0,1460.0
1446038673446393042,553,1446038673444701910,robocape,1712.0,1455.0
1446038673479045126,554,1446038673477791070,robocape,1715.0,1455.0
1446038673511884751,555,1446038673510571956,robocape,1708.0,1460.0
1446038673545410709,556,1446038673544183015,robocape,1708.0,1474.0
1446038673577535542,557,1446038673571516036,robocape,1705.0,1488.0
1446038673610781376,558,1446038673603962898,robocape,1709.0,1494.0
1446038673638746334,559,1446038673636871099,robocape,1705.0,1494.0
1446038673671381334,560,1446038673669692039,robocape,1712.0,1489.0
1446038673704289751,561,1446038673702615022,robocape,1712.0,1490.0
1446038673737090792,562,1446038673735480070,robocape,1708.0,1492.0
1446038673770036959,563,1446038673768316984,robocape,1707.0,1507.0
1446038673803147168,564,1446038673801455020,robocape,1708.0,1513.0
1446038673835710459,565,1446038673834070920,robocape,1704.0,1524.0
1446038673868605084,566,1446038673866929054,robocape,1707.0,1528.0
1446038673901775376,567,1446038673899826049,robocape,1712.0,1522.0
1446038673934480251,568,1446038673932898044,robocape,1713.0,1522.0
1446038673967176751,569,1446038673965516090,robocape,1705.0,1516.0
1446038674000320501,570,1446038673998280048,robocape,1708.0,1502.0
1446038674032963543,571,1446038674031254053,robocape,1707.0,1495.0
1446038674065786418,572,1446038674064084053,robocape,1708.0,1494.0
1446038674098820543,573,1446038674097096920,robocape,1708.0,1494.0
1446038674131530293,574,1446038674129853963,robocape,1708.0,1485.0
1446038674164643793,575,1446038674162934064,robocape,1713.0,1472.0
1446038674197842584,576,1446038674195959091,robocape,1713.0,1472.0
1446038674230535543,577,1446038674228465080,robocape,1707.0,1471.0
1446038674262847709,578,1446038674260844945,robocape,1708.0,1477.0
1446038674295613751,579,1446038674293667078,robocape,1707.0,1472.0
1446038674327839418,580,1446038674326538085,robocape,1708.0,1461.0
1446038674360756168,581,1446038674359422922,robocape,1707.0,1459.0
1446038674393709793,582,1446038674392360925,robocape,1713.0,1453.0
1446038674426413834,583,1446038674425182104,robocape,1711.0,1457.0
1446038674459561085,584,1446038674458173990,robocape,1708.0,1472.0
1446038674492359626,585,1446038674490894079,robocape,1705.0,1488.0
1446038674525039710,586,1446038674523732900,robocape,1707.0,1494.0
1446038674558005543,587,1446038674556653022,robocape,1707.0,1494.0
1446038674591033751,588,1446038674589524030,robocape,1707.0,1494.0
1446038674623714876,589,1446038674622462987,robocape,1713.0,1489.0
1446038674656697710,590,1446038674655225992,robocape,1715.0,1488.0
1446038674689541876,591,1446038674688199996,robocape,1713.0,1488.0
1446038674722244835,592,1446038674720937967,robocape,1707.0,1488.0
1446038674755124793,593,1446038674753814935,robocape,1707.0,1486.0
1446038674788013293,594,1446038674786761045,robocape,1708.0,1471.0
1446038674820805001,595,1446038674819557905,robocape,1707.0,1457.0
1446038674854038126,596,1446038674852766036,robocape,1705.0,1453.0
1446038674886878085,597,1446038674885561943,robocape,1712.0,1447.0
1446038674919403501,598,1446038674918090105,robocape,1715.0,1447.0
1446038674952284293,599,1446038674950978040,robocape,1707.0,1447.0
1446038674985292335,600,1446038674983856916,robocape,1707.0,1453.0
1446038675017985210,601,1446038675016731977,robocape,1707.0,1453.0
1446038675050916335,602,1446038675049573898,robocape,1707.0,1452.0
1446038675084322293,603,1446038675082953929,robocape,1705.0,1461.0
1446038675117289126,604,1446038675115951061,robocape,1713.0,1468.0
1446038675150207501,605,1446038675148881912,robocape,1713.0,1484.0
1446038675183410085,606,1446038675181924104,robocape,1708.0,1484.0
1446038675215785752,607,1446038675214541912,robocape,1705.0,1467.0
1446038675250199960,608,1446038675248878002,robocape,1707.0,1452.0
1446038675281520918,609,1446038675280147075,robocape,1707.0,1430.0
1446038675314424002,610,1446038675313065052,robocape,1707.0,1415.0
1446038675348708210,611,1446038675347316026,robocape,1707.0,1400.0
1446038675384892877,612,1446038675380784988,robocape,1713.0,1389.0
1446038675413496918,613,1446038675411483049,robocape,1712.0,1389.0
1446038675446971043,614,1446038675443901062,robocape,1705.0,1389.0
1446038675478140877,615,1446038675476820945,robocape,1703.0,1388.0
1446038675513267752,616,1446038675511287927,robocape,1703.0,1383.0
1446038675545986002,617,1446038675544676065,robocape,1700.0,1384.0
1446038675579634668,618,1446038675577670097,robocape,1703.0,1384.0
1446038675613177502,619,1446038675611186981,robocape,1707.0,1389.0
1446038675645954002,620,1446038675644645929,robocape,1705.0,1394.0
1446038675679180335,621,1446038675677860975,robocape,1707.0,1400.0
1446038675713504918,622,1446038675712261915,robocape,1700.0,1408.0
1446038675745961543,623,1446038675744637012,robocape,1700.0,1408.0
1446038675780134127,624,1446038675778134107,robocape,1696.0,1408.0
1446038675812505710,625,1446038675811176061,robocape,1696.0,1408.0
1446038675848480710,626,1446038675844701051,robocape,1696.0,1408.0
1446038675878384085,627,1446038675877055883,robocape,1703.0,1401.0
1446038675911350085,628,1446038675904350042,robocape,1703.0,1401.0
1446038675944134919,629,1446038675937340974,robocape,1695.0,1396.0
1446038676070714085,630,1446038676068665027,robocape,1696.0,1387.0
1446038676103347919,631,1446038676101636886,robocape,1703.0,1400.0
1446038676136084710,632,1446038676134392023,robocape,1702.0,1405.0
1446038676184541252,633,1446038676183319091,robocape,1696.0,1405.0
1446038676268029127,634,1446038676266057968,robocape,1695.0,1413.0
1446038676300741710,635,1446038676299030065,robocape,1696.0,1417.0
1446038676333245002,636,1446038676331561088,robocape,1702.0,1414.0
1446038676366130794,637,1446038676364471912,robocape,1704.0,1401.0
1446038676399356085,638,1446038676397360086,robocape,1703.0,1397.0
1446038676432091460,639,1446038676430124998,robocape,1696.0,1402.0
1446038676464891294,640,1446038676463210105,robocape,1696.0,1402.0
1446038676498274127,641,1446038676496279954,robocape,1698.0,1402.0
1446038676530735127,642,1446038676529021024,robocape,1696.0,1404.0
1446038676564014002,643,1446038676562304973,robocape,1698.0,1402.0
1446038676596544336,644,1446038676594053983,robocape,1703.0,1397.0
1446038676628292127,645,1446038676626965045,robocape,1703.0,1397.0
1446038676661074169,646,1446038676659830093,robocape,1696.0,1396.0
1446038676693970211,647,1446038676692708015,robocape,1698.0,1402.0
1446038676726811419,648,1446038676725529909,robocape,1696.0,1402.0
1446038676781073461,649,1446038676778182983,robocape,1696.0,1404.0
1446038676848236794,650,1446038676844434976,robocape,1703.0,1397.0
1446038676879426127,651,1446038676878201961,robocape,1704.0,1396.0
1446038676913273211,652,1446038676911030054,robocape,1698.0,1397.0
1446038676948374127,653,1446038676947047948,robocape,1698.0,1404.0
1446038676979656461,654,1446038676978317022,robocape,1696.0,1402.0
1446038677012983836,655,1446038677010824918,robocape,1698.0,1404.0
1446038677046591294,656,1446038677043545007,robocape,1696.0,1404.0
1446038677078124919,657,1446038677071180105,robocape,1704.0,1396.0
1446038677105631002,658,1446038677103899002,robocape,1702.0,1396.0
1446038677140922419,659,1446038677136704921,robocape,1696.0,1396.0
1446038677171667877,660,1446038677169605016,robocape,1698.0,1402.0
1446038677204045794,661,1446038677202435016,robocape,1696.0,1401.0
1446038677236952961,662,1446038677235260009,robocape,1696.0,1400.0
1446038677318544044,663,1446038677317224979,robocape,1698.0,1401.0
1446038677401546419,664,1446038677399645090,robocape,1704.0,1394.0
1446038677434465711,665,1446038677432446956,robocape,1696.0,1401.0
1446038677482670086,666,1446038677481376886,robocape,1695.0,1401.0
1446038677565698753,667,1446038677564009904,robocape,1703.0,1396.0
1446038677599420878,668,1446038677597316980,robocape,1703.0,1394.0
1446038677697860961,669,1446038677695683956,robocape,1696.0,1394.0
1446038677730004044,670,1446038677728283882,robocape,1699.0,1401.0
1446038677762845294,671,1446038677760855913,robocape,1699.0,1401.0
1446038677794934253,672,1446038677793584108,robocape,1704.0,1396.0
1446038677827726128,673,1446038677826421022,robocape,1703.0,1394.0
1446038677860693669,674,1446038677859338045,robocape,1702.0,1394.0
1446038677893652253,675,1446038677892324924,robocape,1698.0,1402.0
1446038677926323336,676,1446038677925086021,robocape,1699.0,1402.0
1446038677959232045,677,1446038677957914113,robocape,1698.0,1405.0
1446038677992406295,678,1446038677991050958,robocape,1698.0,1406.0
1446038678024939086,679,1446038678023619890,robocape,1704.0,1409.0
1446038678079896503,680,1446038678076123952,robocape,1704.0,1402.0
1446038678179787545,681,1446038678178308010,robocape,1699.0,1408.0
1446038678222120378,682,1446038678220792055,robocape,1699.0,1396.0
1446038678255039420,683,1446038678253695964,robocape,1698.0,1396.0
1446038678287910503,684,1446038678286673069,robocape,1704.0,1394.0
1446038678320701003,685,1446038678319441080,robocape,1705.0,1400.0
1446038678353734628,686,1446038678352257013,robocape,1699.0,1400.0
1446038678404615795,687,1446038678402899026,robocape,1699.0,1406.0
1446038678436420545,688,1446038678434814929,robocape,1698.0,1406.0
1446038678469669586,689,1446038678467643022,robocape,1698.0,1406.0
1446038678502973961,690,1446038678500540971,robocape,1698.0,1408.0
1446038678584054586,691,1446038678582732915,robocape,1704.0,1405.0
1446038678617023920,692,1446038678615544080,robocape,1699.0,1421.0
1446038678650270003,693,1446038678648792028,robocape,1698.0,1421.0
1446038678683368503,694,1446038678681876897,robocape,1698.0,1421.0
1446038678798471003,695,1446038678796566009,robocape,1699.0,1423.0
1446038678831242462,696,1446038678829564094,robocape,1696.0,1423.0
1446038678863966462,697,1446038678862277984,robocape,1696.0,1430.0
1446038678913224128,698,1446038678911211967,robocape,1698.0,1431.0
1446038678994575212,699,1446038678993304014,robocape,1703.0,1425.0
1446038679046335045,700,1446038679045005083,robocape,1704.0,1422.0
1446038679081605253,701,1446038679080259084,robocape,1699.0,1417.0
1446038679112896712,702,1446038679111588001,robocape,1699.0,1418.0
1446038679145981128,703,1446038679144665956,robocape,1698.0,1409.0
1446038679181024295,704,1446038679179667949,robocape,1698.0,1404.0
1446038679212507795,705,1446038679211188077,robocape,1698.0,1405.0
1446038679245556837,706,1446038679244246006,robocape,1704.0,1398.0
1446038679282028878,707,1446038679279781103,robocape,1703.0,1400.0
1446038679313061253,708,1446038679311001062,robocape,1704.0,1398.0
1446038679345276545,709,1446038679343960046,robocape,1699.0,1405.0
1446038679389059045,710,1446038679383373022,robocape,1699.0,1404.0
1446038679411870629,711,1446038679404818058,robocape,1698.0,1405.0
1446038679443960212,712,1446038679437247037,robocape,1698.0,1404.0
1446038679474161587,713,1446038679470113992,robocape,1698.0,1406.0
1446038679586524170,714,1446038679585028886,robocape,1699.0,1419.0
1446038679618900129,715,1446038679617552042,robocape,1696.0,1422.0
1446038679651735545,716,1446038679650434017,robocape,1698.0,1423.0
1446038679685485962,717,1446038679684103012,robocape,1696.0,1426.0
1446038679717446504,718,1446038679716198921,robocape,1704.0,1421.0
1446038679750387170,719,1446038679749144077,robocape,1703.0,1425.0
1446038679784926504,720,1446038679783483028,robocape,1704.0,1427.0
1446038679816834712,721,1446038679815377950,robocape,1696.0,1439.0
1446038679849874462,722,1446038679848568916,robocape,1698.0,1443.0
1446038679884683170,723,1446038679883328914,robocape,1696.0,1447.0
1446038679932108587,724,1446038679930171966,robocape,1698.0,1450.0
1446038679981059045,725,1446038679979810953,robocape,1704.0,1446.0
1446038680014095629,726,1446038680012850046,robocape,1703.0,1448.0
1446038680063397879,727,1446038680061714887,robocape,1699.0,1448.0
1446038680096411212,728,1446038680094100952,robocape,1699.0,1464.0
1446038680146334129,729,1446038680144301891,robocape,1696.0,1472.0
1446038680180498296,730,1446038680178479909,robocape,1698.0,1474.0
1446038680259756462,731,1446038680258451938,robocape,1698.0,1485.0
1446038680292741212,732,1446038680291426897,robocape,1698.0,1488.0
1446038680325575296,733,1446038680324222087,robocape,1698.0,1493.0
1446038680358338546,734,1446038680357079029,robocape,1696.0,1494.0
1446038680392237962,735,1446038680390873908,robocape,1699.0,1494.0
1446038680446044879,736,1446038680444025039,robocape,1707.0,1488.0
1446038680478897462,737,1446038680477657079,robocape,1704.0,1488.0
1446038680511527004,738,1446038680510174989,robocape,1699.0,1488.0
1446038680555632504,739,1446038680554255008,robocape,1698.0,1493.0
1446038680588401587,740,1446038680587133884,robocape,1699.0,1485.0
1446038680621240671,741,1446038680619927883,robocape,1698.0,1465.0
1446038680654109462,742,1446038680652806043,robocape,1699.0,1442.0
1446038680687302046,743,1446038680685957908,robocape,1704.0,1427.0
1446038680737005337,744,1446038680735315084,robocape,1704.0,1426.0
1446038680785917921,745,1446038680784596920,robocape,1698.0,1427.0
1446038680818624713,746,1446038680817158937,robocape,1700.0,1432.0
1446038680868463129,747,1446038680866770982,robocape,1698.0,1435.0
1446038680901494421,748,1446038680899645090,robocape,1698.0,1436.0
1446038680934093421,749,1446038680932429075,robocape,1703.0,1430.0
1446038680966947338,750,1446038680965298891,robocape,1705.0,1430.0
1446038681000119713,751,1446038680998436927,robocape,1696.0,1430.0
1446038681032850088,752,1446038681031086921,robocape,1699.0,1436.0
1446038681065990838,753,1446038681064075946,robocape,1698.0,1439.0
1446038681098991129,754,1446038681096829891,robocape,1699.0,1444.0
1446038681132090754,755,1446038681130273103,robocape,1699.0,1451.0
1446038681164617671,756,1446038681162914037,robocape,1704.0,1456.0
1446038681197734338,757,1446038681195713043,robocape,1703.0,1459.0
1446038681230410629,758,1446038681228493928,robocape,1700.0,1461.0
1446038681263046921,759,1446038681260816097,robocape,1698.0,1460.0
1446038681294950546,760,1446038681293601989,robocape,1699.0,1465.0
1446038681327870921,761,1446038681326519966,robocape,1698.0,1465.0
1446038681360713463,762,1446038681359395980,robocape,1699.0,1467.0
1446038681393981379,763,1446038681392379999,robocape,1703.0,1467.0
1446038681426522879,764,1446038681425257921,robocape,1705.0,1461.0
1446038681459371130,765,1446038681458128929,robocape,1703.0,1468.0
1446038681492329046,766,1446038681490879058,robocape,1699.0,1478.0
1446038681525173546,767,1446038681523729085,robocape,1699.0,1492.0
1446038681557909046,768,1446038681556596040,robocape,1699.0,1494.0
1446038681591175588,769,1446038681589481115,robocape,1698.0,1493.0
1446038681623595130,770,1446038681622322082,robocape,1699.0,1493.0
1446038681656463296,771,1446038681655174970,robocape,1703.0,1489.0
1446038681711890421,772,1446038681710542917,robocape,1705.0,1485.0
1446038681777457546,773,1446038681770617961,robocape,1699.0,1477.0
1446038681820782088,774,1446038681819500923,robocape,1699.0,1468.0
1446038681919377880,775,1446038681918051958,robocape,1698.0,1468.0
1446038681969459130,776,1446038681967737913,robocape,1699.0,1460.0
1446038682050993546,777,1446038682049560070,robocape,1698.0,1464.0
1446038682101786005,778,1446038682099272012,robocape,1699.0,1463.0
1446038682167049213,779,1446038682164947032,robocape,1704.0,1457.0
1446038682265325422,780,1446038682263641119,robocape,1698.0,1456.0
1446038682298575963,781,1446038682296663045,robocape,1699.0,1463.0
1446038682331406755,782,1446038682329679965,robocape,1698.0,1463.0
1446038682364094922,783,1446038682362379074,robocape,1705.0,1463.0
1446038682397330755,784,1446038682395399093,robocape,1703.0,1460.0
1446038682430052130,785,1446038682427572965,robocape,1705.0,1468.0
1446038682462383797,786,1446038682460582971,robocape,1699.0,1478.0
1446038682494942422,787,1446038682493228912,robocape,1699.0,1492.0
1446038682527529047,788,1446038682526057958,robocape,1699.0,1494.0
1446038682560337547,789,1446038682558897972,robocape,1698.0,1494.0
1446038682593132630,790,1446038682591814041,robocape,1699.0,1494.0
1446038682626046422,791,1446038682624696969,robocape,1704.0,1488.0
1446038682658781422,792,1446038682657552957,robocape,1705.0,1488.0
1446038682691666588,793,1446038682690371990,robocape,1699.0,1488.0
1446038682724591380,794,1446038682723238945,robocape,1698.0,1494.0
1446038682757550755,795,1446038682756243944,robocape,1699.0,1494.0
1446038682817739005,796,1446038682795792102,robocape,1698.0,1493.0
1446038682823078922,797,1446038682821901082,robocape,1699.0,1492.0
1446038682855913214,798,1446038682854736089,robocape,1704.0,1468.0
1446038682888776922,799,1446038682887540102,robocape,1705.0,1459.0
1446038682921709589,800,1446038682920388936,robocape,1704.0,1456.0
1446038682954501589,801,1446038682953241109,robocape,1698.0,1455.0
1446038682987365172,802,1446038682986138105,robocape,1699.0,1455.0
1446038683020220589,803,1446038683019030094,robocape,1698.0,1453.0
1446038683053048005,804,1446038683051876068,robocape,1699.0,1453.0
1446038683085944130,805,1446038683084706068,robocape,1700.0,1452.0
1446038683119269797,806,1446038683118021011,robocape,1704.0,1446.0
1446038683151844297,807,1446038683150470018,robocape,1705.0,1446.0
1446038683184686922,808,1446038683183373928,robocape,1699.0,1448.0
1446038683217831630,809,1446038683216311931,robocape,1698.0,1455.0
1446038683250351422,810,1446038683249084949,robocape,1696.0,1459.0
1446038683283327797,811,1446038683282006025,robocape,1698.0,1467.0
1446038683316766839,812,1446038683315399885,robocape,1699.0,1472.0
1446038683349605297,813,1446038683348280906,robocape,1705.0,1472.0
1446038683386320880,814,1446038683380791902,robocape,1703.0,1480.0
1446038683415363214,815,1446038683414033889,robocape,1699.0,1484.0
1446038683448175630,816,1446038683446922063,robocape,1699.0,1492.0
1446038683482067339,817,1446038683480734109,robocape,1698.0,1494.0
1446038683514071047,818,1446038683512814044,robocape,1698.0,1494.0
1446038683546941547,819,1446038683545605897,robocape,1699.0,1494.0
1446038683579879672,820,1446038683577929019,robocape,1705.0,1488.0
1446038683614091297,821,1446038683610827922,robocape,1704.0,1488.0
1446038683646728131,822,1446038683645438909,robocape,1700.0,1488.0
1446038683680164297,823,1446038683678154945,robocape,1699.0,1486.0
1446038683712991422,824,1446038683711678981,robocape,1699.0,1493.0
1446038683745712381,825,1446038683744396924,robocape,1699.0,1489.0
1446038683779618589,826,1446038683777637004,robocape,1699.0,1488.0
1446038683813848422,827,1446038683810024023,robocape,1704.0,1488.0
1446038683845687422,828,1446038683844348907,robocape,1705.0,1481.0
1446038683879604464,829,1446038683878374099,robocape,1705.0,1482.0
1446038683913678547,830,1446038683909898996,robocape,1696.0,1481.0
1446038683945498381,831,1446038683944163084,robocape,1695.0,1488.0
1446038683978855631,832,1446038683977622985,robocape,1691.0,1489.0
1446038684012416381,833,1446038684011194944,robocape,1690.0,1488.0
1446038684044871131,834,1446038684043546915,robocape,1686.0,1488.0
1446038684077800589,835,1446038684071023941,robocape,1690.0,1481.0
1446038684111483922,836,1446038684104314088,robocape,1684.0,1481.0
1446038684138617297,837,1446038684136909008,robocape,1674.0,1481.0
1446038684171799256,838,1446038684170094966,robocape,1662.0,1486.0
1446038684205189714,839,1446038684202965974,robocape,1660.0,1486.0
1446038684236999506,840,1446038684235316991,robocape,1663.0,1486.0
1446038684269762298,841,1446038684268101930,robocape,1665.0,1486.0
1446038684303196839,842,1446038684300973892,robocape,1670.0,1476.0
1446038684335812881,843,1446038684334121942,robocape,1670.0,1471.0
1446038684368685298,844,1446038684366988897,robocape,1670.0,1456.0
1446038684401686256,845,1446038684399646997,robocape,1662.0,1451.0
1446038684434352756,846,1446038684432718992,robocape,1654.0,1457.0
1446038684466945923,847,1446038684465262889,robocape,1653.0,1457.0
1446038684500218673,848,1446038684498244047,robocape,1654.0,1456.0
1446038684533126464,849,1446038684531162023,robocape,1650.0,1456.0
1446038684565839464,850,1446038684564162969,robocape,1639.0,1450.0
1446038684598801756,851,1446038684596798896,robocape,1618.0,1450.0
1446038684631596339,852,1446038684629714012,robocape,1593.0,1448.0
1446038684664597923,853,1446038684662765979,robocape,1562.0,1456.0
1446038684697530923,854,1446038684695487022,robocape,1556.0,1455.0
1446038684729776714,855,1446038684727741956,robocape,1553.0,1456.0
1446038684762434298,856,1446038684760581016,robocape,1549.0,1456.0
1446038684795586048,857,1446038684793454885,robocape,1556.0,1450.0
1446038684827658589,858,1446038684826316118,robocape,1555.0,1450.0
1446038684860537548,859,1446038684859221935,robocape,1548.0,1447.0
1446038684915181923,860,1446038684894728899,robocape,1535.0,1444.0
1446038684956469923,861,1446038684952241897,robocape,1505.0,1447.0
1446038684991850090,862,1446038684984476089,robocape,1499.0,1444.0
1446038685023609965,863,1446038685022032022,robocape,1495.0,1446.0
1446038685046947715,864,1446038685045603036,robocape,1505.0,1439.0
1446038685078998131,865,1446038685077764034,robocape,1502.0,1442.0
1446038685113780756,866,1446038685111120939,robocape,1505.0,1450.0
1446038685146047423,867,1446038685144572019,robocape,1503.0,1456.0
1446038685178771881,868,1446038685177486896,robocape,1495.0,1456.0
1446038685211487006,869,1446038685204545021,robocape,1497.0,1456.0
1446038685248852506,870,1446038685247621059,robocape,1499.0,1456.0
1446038685272128381,871,1446038685270354032,robocape,1523.0,1456.0
1446038685305028131,872,1446038685303375005,robocape,1543.0,1451.0
1446038685337889131,873,1446038685336208105,robocape,1544.0,1450.0
1446038685380306215,874,1446038685369287014,robocape,1537.0,1450.0
1446038685403440215,875,1446038685401765108,robocape,1509.0,1456.0
1446038685436705798,876,1446038685434981107,robocape,1495.0,1457.0
1446038685469174423,877,1446038685467454910,robocape,1495.0,1456.0
1446038685502295590,878,1446038685500319957,robocape,1495.0,1455.0
1446038685535515465,879,1446038685533260107,robocape,1501.0,1444.0
1446038685567914673,880,1446038685566268920,robocape,1498.0,1444.0
1446038685600807423,881,1446038685599081993,robocape,1497.0,1444.0
1446038685633438881,882,1446038685631747007,robocape,1485.0,1448.0
1446038685666522757,883,1446038685664597034,robocape,1444.0,1448.0
1446038685699150340,884,1446038685697454929,robocape,1400.0,1448.0
1446038685732071340,885,1446038685730366945,robocape,1388.0,1450.0
1446038685765324173,886,1446038685763319969,robocape,1393.0,1442.0
1446038685798697840,887,1446038685796829938,robocape,1388.0,1443.0
1446038685831545923,888,1446038685829205989,robocape,1377.0,1442.0
1446038685863830632,889,1446038685861872911,robocape,1367.0,1448.0
1446038685896525673,890,1446038685894201993,robocape,1368.0,1450.0
1446038685929174632,891,1446038685927284002,robocape,1335.0,1448.0
1446038685961662090,892,1446038685960356950,robocape,1320.0,1448.0
1446038685994027215,893,1446038685992716073,robocape,1306.0,1448.0
1446038686026942507,894,1446038686025576114,robocape,1297.0,1443.0
1446038686060973007,895,1446038686059720993,robocape,1293.0,1442.0
1446038686113127298,896,1446038686110789060,robocape,1293.0,1448.0
1446038686146696298,897,1446038686144409894,robocape,1296.0,1448.0
1446038686179418632,898,1446038686178101062,robocape,1291.0,1448.0
1446038686213186965,899,1446038686210850000,robocape,1291.0,1448.0
1446038686245770798,900,1446038686244450092,robocape,1296.0,1443.0
1446038686279516340,901,1446038686278172016,robocape,1296.0,1442.0
1446038686313069257,902,1446038686310734033,robocape,1292.0,1443.0
1446038686345095882,903,1446038686343782901,robocape,1291.0,1443.0
1446038686386007882,904,1446038686382154941,robocape,1293.0,1448.0
1446038686410675007,905,1446038686403984069,robocape,1292.0,1450.0
1446038686439010299,906,1446038686437299966,robocape,1284.0,1450.0
1446038686474241174,907,1446038686469748973,robocape,1288.0,1452.0
1446038686504095799,908,1446038686502428054,robocape,1287.0,1447.0
1446038686537176299,909,1446038686535417079,robocape,1282.0,1446.0
1446038686569865174,910,1446038686568201065,robocape,1279.0,1447.0
1446038686602824340,911,1446038686601136922,robocape,1278.0,1453.0
1446038686635669799,912,1446038686634037971,robocape,1278.0,1452.0
1446038686668800757,913,1446038686666765928,robocape,1264.0,1452.0
1446038686701296590,914,1446038686699625968,robocape,1254.0,1452.0
1446038686734262590,915,1446038686732506990,robocape,1250.0,1447.0
1446038686767299549,916,1446038686765345096,robocape,1249.0,1447.0
1446038686800360507,917,1446038686798469066,robocape,1245.0,1447.0
1446038686833301757,918,1446038686831581115,robocape,1249.0,1453.0
1446038686865591132,919,1446038686863909959,robocape,1246.0,1453.0
1446038686898504674,920,1446038686896847963,robocape,1245.0,1453.0
1446038686932251715,921,1446038686930083990,robocape,1237.0,1453.0
1446038686964932299,922,1446038686962869882,robocape,1242.0,1453.0
1446038686997567715,923,1446038686995476961,robocape,1241.0,1447.0
1446038687031036840,924,1446038687028949022,robocape,1236.0,1447.0
1446038687062723466,925,1446038687060774087,robocape,1236.0,1447.0
1446038687094913799,926,1446038687093631029,robocape,1234.0,1453.0
1446038687127895674,927,1446038687126655101,robocape,1233.0,1453.0
1446038687160504466,928,1446038687159326076,robocape,1222.0,1453.0
1446038687193422257,929,1446038687192161083,robocape,1216.0,1453.0
1446038687226533591,930,1446038687225014925,robocape,1216.0,1448.0
1446038687259142882,931,1446038687257899045,robocape,1201.0,1451.0
1446038687291954049,932,1446038687290786981,robocape,1198.0,1455.0
1446038687325143882,933,1446038687323959112,robocape,1198.0,1461.0
1446038687357686132,934,1446038687356523036,robocape,1192.0,1463.0
1446038687391728632,935,1446038687390439033,robocape,1186.0,1465.0
1446038687423717382,936,1446038687422198057,robocape,1174.0,1468.0
1446038687456370632,937,1446038687455070018,robocape,1180.0,1461.0
1446038687489198091,938,1446038687487945079,robocape,1178.0,1461.0
1446038687522102632,939,1446038687520849943,robocape,1170.0,1465.0
1446038687554908091,940,1446038687553623914,robocape,1166.0,1473.0
1446038687587803424,941,1446038687586482048,robocape,1149.0,1474.0
1446038687621156007,942,1446038687619843959,robocape,1132.0,1476.0
1446038687653692007,943,1446038687652364015,robocape,1119.0,1477.0
1446038687686325591,944,1446038687685089111,robocape,1106.0,1471.0
1446038687719348424,945,1446038687717931985,robocape,1104.0,1471.0
1446038687752063758,946,1446038687750755071,robocape,1104.0,1469.0
1446038687784936216,947,1446038687783628940,robocape,1104.0,1471.0
1446038687817914841,948,1446038687816605091,robocape,1100.0,1486.0
1446038687850714716,949,1446038687849400997,robocape,1103.0,1490.0
1446038687884315841,950,1446038687882994890,robocape,1100.0,1490.0
1446038687916532216,951,1446038687915296077,robocape,1094.0,1490.0
1446038687949888966,952,1446038687948637962,robocape,1099.0,1485.0
1446038687982875966,953,1446038687981412887,robocape,1098.0,1488.0
1446038688015771341,954,1446038688014333009,robocape,1096.0,1488.0
1446038688048538674,955,1446038688047215938,robocape,1096.0,1494.0
1446038688081383216,956,1446038688080059051,robocape,1095.0,1494.0
1446038688114186799,957,1446038688112946033,robocape,1095.0,1494.0
1446038688147282633,958,1446038688145947933,robocape,1091.0,1494.0
1446038688180076341,959,1446038688178229093,robocape,1094.0,1488.0
1446038688213005799,960,1446038688211108922,robocape,1095.0,1488.0
1446038688247599133,961,1446038688245609998,robocape,1093.0,1489.0
1446038688280010383,962,1446038688277992010,robocape,1096.0,1492.0
1446038688313811841,963,1446038688310097932,robocape,1095.0,1495.0
1446038688346127841,964,1446038688344902992,robocape,1096.0,1494.0
1446038688386449966,965,1446038688380270957,robocape,1095.0,1494.0
1446038688412515341,966,1446038688411273002,robocape,1094.0,1489.0
1446038688446638925,967,1446038688445314884,robocape,1096.0,1488.0
1446038688491539216,968,1446038688490216016,robocape,1098.0,1488.0
1446038688524694925,969,1446038688523221015,robocape,1095.0,1494.0
1446038688557267633,970,1446038688555991888,robocape,1098.0,1494.0
1446038688590072466,971,1446038688588790893,robocape,1098.0,1494.0
1446038688623080300,972,1446038688621660947,robocape,1098.0,1494.0
1446038688655856508,973,1446038688654499053,robocape,1100.0,1488.0
1446038688688798716,974,1446038688687437057,robocape,1106.0,1488.0
1446038688721735383,975,1446038688720419883,robocape,1108.0,1488.0
1446038688754530175,976,1446038688753288984,robocape,1179.0,1489.0
1446038688787463133,977,1446038688786210060,robocape,1270.0,1494.0
1446038688820467758,978,1446038688819153070,robocape,1308.0,1494.0
1446038688853248133,979,1446038688851931095,robocape,1314.0,1493.0
1446038688886322716,980,1446038688884994983,robocape,1348.0,1493.0
1446038688919274966,981,1446038688917953968,robocape,1457.0,1488.0
1446038688952001133,982,1446038688950754880,robocape,1490.0,1488.0
1446038688985055758,983,1446038688983658075,robocape,1494.0,1489.0
1446038689017893675,984,1446038689016536951,robocape,1484.0,1494.0
1446038689050875508,985,1446038689049557924,robocape,1463.0,1494.0
1446038689084065300,986,1446038689082736015,robocape,1473.0,1494.0
1446038689117125008,987,1446038689115675926,robocape,1489.0,1493.0
1446038689150263383,988,1446038689148890972,robocape,1492.0,1488.0
1446038689182861675,989,1446038689181382894,robocape,1484.0,1489.0
1446038689215628258,990,1446038689214384078,robocape,1422.0,1489.0
1446038689248411925,991,1446038689247136116,robocape,1442.0,1490.0
1446038689281331258,992,1446038689279997110,robocape,1474.0,1494.0
1446038689314354717,993,1446038689312990903,robocape,1489.0,1494.0
1446038689347316633,994,1446038689345316886,robocape,1488.0,1494.0
1446038689386175300,995,1446038689379432916,robocape,1493.0,1489.0
1446038689412580342,996,1446038689411355018,robocape,1494.0,1488.0
1446038689447577925,997,1446038689446249008,robocape,1495.0,1488.0
1446038689480033133,998,1446038689478044986,robocape,1493.0,1488.0
1446038689513221092,999,1446038689511241912,robocape,1489.0,1494.0
1446038689547183383,1000,1446038689543416976,robocape,1488.0,1494.0
1446038689578990925,1001,1446038689577754974,robocape,1489.0,1494.0
1446038689612979175,1002,1446038689611000061,robocape,1489.0,1494.0
1446038689647101008,1003,1446038689643760919,robocape,1493.0,1488.0
1446038689679128675,1004,1446038689677810907,robocape,1492.0,1488.0
1446038689712089800,1005,1446038689710787057,robocape,1495.0,1489.0
1446038689746146883,1006,1446038689744601964,robocape,1485.0,1494.0
1446038689778937883,1007,1446038689777618885,robocape,1474.0,1494.0
1446038689813001258,1008,1446038689810995101,robocape,1485.0,1494.0
1446038689845660759,1009,1446038689844326019,robocape,1489.0,1494.0
1446038689878229425,1010,1446038689871288061,robocape,1494.0,1489.0
1446038689910776800,1011,1446038689904192924,robocape,1497.0,1488.0
1446038689944755842,1012,1446038689937024116,robocape,1497.0,1488.0
1446038689973986759,1013,1446038689970056056,robocape,1497.0,1489.0
1446038690004260092,1014,1446038690002633094,robocape,1490.0,1494.0
1446038690037274259,1015,1446038690035598039,robocape,1488.0,1494.0
1446038690070426009,1016,1446038690068671941,robocape,1488.0,1495.0
1446038690102972342,1017,1446038690101296901,robocape,1498.0,1488.0
1446038690135965009,1018,1446038690134303092,robocape,1495.0,1488.0
1446038690169069050,1019,1446038690167104959,robocape,1498.0,1488.0
1446038690201634967,1020,1446038690199918985,robocape,1497.0,1488.0
1446038690235233092,1021,1446038690233211994,robocape,1498.0,1495.0
1446038690267324425,1022,1446038690265671014,robocape,1505.0,1493.0
1446038690300298259,1023,1446038690298625946,robocape,1506.0,1494.0
1446038690333509675,1024,1446038690331537008,robocape,1510.0,1494.0
1446038690366296634,1025,1446038690364232063,robocape,1502.0,1488.0
1446038690398866634,1026,1446038690397136926,robocape,1499.0,1488.0
1446038690432510425,1027,1446038690430474996,robocape,1501.0,1488.0
1446038690464898092,1028,1446038690463031053,robocape,1495.0,1493.0
1446038690498104384,1029,1446038690496022939,robocape,1493.0,1494.0
1446038690530798717,1030,1446038690528800964,robocape,1492.0,1493.0
1446038690563276342,1031,1446038690560987949,robocape,1493.0,1494.0
1446038690595662926,1032,1446038690593856096,robocape,1469.0,1488.0
1446038690628173051,1033,1446038690626837968,robocape,1486.0,1488.0
1446038690660869342,1034,1446038690659622907,robocape,1494.0,1488.0
1446038690694958926,1035,1446038690693586111,robocape,1498.0,1488.0
1446038690726602301,1036,1446038690725303888,robocape,1489.0,1494.0
1446038690759746342,1037,1446038690758178949,robocape,1492.0,1494.0
1446038690792357051,1038,1446038690791054010,robocape,1489.0,1494.0
1446038690825285134,1039,1446038690823966026,robocape,1497.0,1494.0
1446038690858128842,1040,1446038690856868028,robocape,1495.0,1488.0
1446038690890910759,1041,1446038690889662981,robocape,1497.0,1489.0
1446038690923817342,1042,1446038690922511100,robocape,1495.0,1488.0
1446038690956759801,1043,1446038690955404043,robocape,1493.0,1494.0
1446038690989609426,1044,1446038690988271951,robocape,1490.0,1494.0
1446038691022588426,1045,1446038691021259069,robocape,1493.0,1494.0
1446038691055317426,1046,1446038691054009914,robocape,1490.0,1494.0
1446038691088115217,1047,1446038691086829900,robocape,1497.0,1489.0
1446038691121192051,1048,1446038691119730949,robocape,1495.0,1488.0
1446038691154049342,1049,1446038691152662038,robocape,1498.0,1488.0
1446038691186784092,1050,1446038691185450077,robocape,1495.0,1494.0
1446038691219605134,1051,1446038691218312978,robocape,1492.0,1494.0
1446038691252489926,1052,1446038691251204967,robocape,1490.0,1494.0
1446038691285316551,1053,1446038691283998012,robocape,1490.0,1494.0
1446038691318335884,1054,1446038691316852092,robocape,1498.0,1489.0
1446038691351383009,1055,1446038691350030899,robocape,1497.0,1488.0
1446038691385936343,1056,1446038691384603977,robocape,1495.0,1488.0
1446038691417438718,1057,1446038691416126012,robocape,1495.0,1488.0
1446038691452822843,1058,1446038691451448917,robocape,1492.0,1494.0
1446038691483302343,1059,1446038691482073068,robocape,1492.0,1494.0
1446038691516016468,1060,1446038691514770984,robocape,1489.0,1494.0
1446038691548881593,1061,1446038691547554016,robocape,1497.0,1494.0
1446038691581770301,1062,1446038691580451965,robocape,1494.0,1488.0
1446038691614665801,1063,1446038691613333940,robocape,1497.0,1488.0
1446038691647610343,1064,1446038691645976066,robocape,1494.0,1488.0
1446038691681245051,1065,1446038691679261922,robocape,1492.0,1495.0
1446038691713297009,1066,1446038691712042093,robocape,1490.0,1494.0
1446038691746100718,1067,1446038691744779109,robocape,1492.0,1494.0
1446038691781460051,1068,1446038691780145883,robocape,1492.0,1494.0
1446038691814486468,1069,1446038691812149047,robocape,1495.0,1489.0
1446038691847106718,1070,1446038691845098972,robocape,1497.0,1488.0
1446038691880249509,1071,1446038691878243923,robocape,1501.0,1488.0
1446038691912873051,1072,1446038691910881042,robocape,1497.0,1494.0
1446038691946967718,1073,1446038691944780111,robocape,1493.0,1494.0
1446038691979853593,1074,1446038691978555917,robocape,1493.0,1493.0
1446038692012558551,1075,1446038692011331081,robocape,1493.0,1494.0
1446038692046661510,1076,1446038692043167114,robocape,1497.0,1488.0
1446038692079054926,1077,1446038692077774047,robocape,1495.0,1488.0
1446038692112226676,1078,1446038692110992908,robocape,1497.0,1488.0
1446038692146903385,1079,1446038692143275976,robocape,1499.0,1488.0
1446038692178601301,1080,1446038692177360057,robocape,1492.0,1493.0
1446038692211235968,1081,1446038692204576969,robocape,1492.0,1494.0
1446038692243970093,1082,1446038692237983942,robocape,1490.0,1494.0
1446038692271962801,1083,1446038692270296096,robocape,1493.0,1493.0
1446038692310970218,1084,1446038692303957939,robocape,1498.0,1489.0
1446038692341029468,1085,1446038692336312055,robocape,1498.0,1488.0
1446038692381560968,1086,1446038692380117893,robocape,1495.0,1488.0
1446038692403930343,1087,1446038692401814937,robocape,1493.0,1494.0
1446038692436650301,1088,1446038692434698104,robocape,1490.0,1494.0
1446038692469242301,1089,1446038692467426061,robocape,1492.0,1493.0
1446038692502113885,1090,1446038692500423908,robocape,1492.0,1494.0
1446038692534997760,1091,1446038692533330917,robocape,1498.0,1488.0
1446038692567817801,1092,1446038692566122055,robocape,1495.0,1488.0
1446038692600965635,1093,1446038692599270105,robocape,1497.0,1488.0
1446038692633608510,1094,1446038692631776094,robocape,1497.0,1490.0
1446038692666680677,1095,1446038692664659023,robocape,1490.0,1494.0
1446038692699448968,1096,1446038692697612047,robocape,1490.0,1494.0
1446038692732186135,1097,1446038692730513095,robocape,1493.0,1494.0
1446038692765079385,1098,1446038692763386964,robocape,1495.0,1488.0
1446038692798300177,1099,1446038692796591997,robocape,1497.0,1488.0
1446038692831335593,1100,1446038692829415082,robocape,1495.0,1488.0
1446038692863884135,1101,1446038692862152099,robocape,1495.0,1488.0
1446038692896668593,1102,1446038692894335031,robocape,1489.0,1494.0
1446038692929061843,1103,1446038692927225112,robocape,1492.0,1495.0
1446038692961451968,1104,1446038692960113048,robocape,1497.0,1494.0
1446038692994224385,1105,1446038692992937088,robocape,1503.0,1494.0
1446038693027263885,1106,1446038693025929927,robocape,1507.0,1489.0
1446038693060793427,1107,1446038693059448957,robocape,1510.0,1488.0
1446038693092853427,1108,1446038693091562032,robocape,1503.0,1488.0
1446038693125734343,1109,1446038693124429941,robocape,1498.0,1494.0
1446038693159257343,1110,1446038693157315015,robocape,1495.0,1493.0
1446038693191399760,1111,1446038693190094947,robocape,1497.0,1493.0
1446038693224457343,1112,1446038693223144054,robocape,1495.0,1494.0
1446038693257262510,1113,1446038693255937099,robocape,1505.0,1488.0
1446038693290097218,1114,1446038693288775920,robocape,1502.0,1489.0
1446038693323148760,1115,1446038693321846961,robocape,1502.0,1488.0
1446038693355778219,1116,1446038693354402065,robocape,1501.0,1488.0
1446038693389002177,1117,1446038693387528896,robocape,1497.0,1494.0
1446038693421468802,1118,1446038693420159101,robocape,1494.0,1494.0
1446038693454364552,1119,1446038693453049898,robocape,1494.0,1495.0
1446038693487162594,1120,1446038693485924005,robocape,1499.0,1492.0
1446038693520055177,1121,1446038693518796920,robocape,1499.0,1489.0
1446038693552928302,1122,1446038693551600933,robocape,1499.0,1488.0
1446038693585957885,1123,1446038693584475040,robocape,1499.0,1489.0
1446038693618639260,1124,1446038693617321014,robocape,1493.0,1494.0
1446038693651546385,1125,1446038693650237083,robocape,1495.0,1494.0
1446038693684509094,1126,1446038693683128118,robocape,1493.0,1494.0
1446038693717235802,1127,1446038693715991020,robocape,1495.0,1493.0
1446038693750103969,1128,1446038693748806953,robocape,1498.0,1488.0
1446038693783363552,1129,1446038693782031059,robocape,1501.0,1488.0
1446038693816563844,1130,1446038693815231084,robocape,1498.0,1489.0
1446038693848745719,1131,1446038693847440004,robocape,1501.0,1494.0
1446038693882245052,1132,1446038693880884885,robocape,1493.0,1494.0
1446038693915197885,1133,1446038693913870096,robocape,1495.0,1494.0
1446038693948350135,1134,1446038693947019100,robocape,1492.0,1494.0
1446038693980937302,1135,1446038693979165077,robocape,1498.0,1488.0
1446038694014547177,1136,1446038694013298988,robocape,1498.0,1488.0
1446038694048519802,1137,1446038694047168016,robocape,1498.0,1488.0
1446038694081766469,1138,1446038694080425024,robocape,1499.0,1489.0
1446038694112499636,1139,1446038694111181974,robocape,1493.0,1494.0
1446038694147130177,1140,1446038694143486976,robocape,1492.0,1494.0
1446038694179516469,1141,1446038694178160905,robocape,1493.0,1494.0
1446038694212556302,1142,1446038694211246967,robocape,1498.0,1494.0
1446038694246746511,1143,1446038694244745969,robocape,1501.0,1488.0
1446038694280051677,1144,1446038694277842044,robocape,1499.0,1488.0
1446038694313792011,1145,1446038694311681985,robocape,1499.0,1488.0
1446038694346979552,1146,1446038694345570087,robocape,1492.0,1494.0
1446038694389806552,1147,1446038694379076004,robocape,1494.0,1494.0
1446038694414115719,1148,1446038694406487941,robocape,1492.0,1494.0
1446038694446770552,1149,1446038694443042039,robocape,1494.0,1494.0
1446038694478927802,1150,1446038694477641105,robocape,1498.0,1488.0
1446038694511907344,1151,1446038694510601997,robocape,1499.0,1489.0
1446038694543651552,1152,1446038694537873029,robocape,1499.0,1488.0
1446038694577817302,1153,1446038694570785999,robocape,1499.0,1494.0
1446038694610755302,1154,1446038694603600978,robocape,1492.0,1494.0
1446038694638405427,1155,1446038694636729001,robocape,1494.0,1494.0
1446038694671711719,1156,1446038694670000076,robocape,1492.0,1494.0
1446038694703801469,1157,1446038694702178955,robocape,1499.0,1488.0
1446038694736781469,1158,1446038694735081911,robocape,1498.0,1489.0
1446038694770114344,1159,1446038694768069028,robocape,1499.0,1489.0
1446038694802878636,1160,1446038694800823926,robocape,1499.0,1489.0
1446038694835412886,1161,1446038694833746910,robocape,1494.0,1494.0
1446038694868815469,1162,1446038694867116928,robocape,1493.0,1494.0
1446038694901065844,1163,1446038694899446010,robocape,1494.0,1495.0
1446038694934170511,1164,1446038694932514905,robocape,1492.0,1494.0
1446038694967097886,1165,1446038694965168952,robocape,1499.0,1488.0
1446038694999787219,1166,1446038694998095989,robocape,1498.0,1488.0
1446038695032631428,1167,1446038695030941009,robocape,1497.0,1488.0
1446038695065715719,1168,1446038695064014911,robocape,1492.0,1493.0
1446038695098321219,1169,1446038695096597909,robocape,1492.0,1494.0
1446038695131655261,1170,1446038695129842996,robocape,1492.0,1494.0
1446038695164975719,1171,1446038695162740945,robocape,1494.0,1494.0
1446038695197120261,1172,1446038695195427894,robocape,1498.0,1488.0
1446038695229741928,1173,1446038695227699995,robocape,1498.0,1488.0
1446038695262591844,1174,1446038695260528087,robocape,1497.0,1489.0
1446038695294733428,1175,1446038695293353080,robocape,1499.0,1488.0
1446038695327703803,1176,1446038695326251983,robocape,1492.0,1494.0
1446038695360479428,1177,1446038695359148979,robocape,1493.0,1494.0
1446038695393855178,1178,1446038695392477989,robocape,1490.0,1493.0
1446038695426175469,1179,1446038695424868106,robocape,1497.0,1493.0
1446038695459053761,1180,1446038695457710981,robocape,1495.0,1486.0
1446038695491859928,1181,1446038695490546941,robocape,1499.0,1488.0
1446038695524775136,1182,1446038695523447036,robocape,1498.0,1488.0
1446038695557591220,1183,1446038695556328058,robocape,1494.0,1494.0
1446038695590423428,1184,1446038695589179992,robocape,1492.0,1494.0
1446038695623281136,1185,1446038695621993064,robocape,1494.0,1494.0
1446038695656523845,1186,1446038695654885053,robocape,1492.0,1494.0
1446038695689077845,1187,1446038695687756061,robocape,1499.0,1488.0
1446038695721980511,1188,1446038695720642089,robocape,1498.0,1488.0
1446038695754975803,1189,1446038695753643035,robocape,1497.0,1488.0
1446038695787732761,1190,1446038695786485910,robocape,1497.0,1494.0
1446038695820432136,1191,1446038695819164037,robocape,1493.0,1494.0
1446038695853492136,1192,1446038695852051973,robocape,1492.0,1494.0
1446038695886247678,1193,1446038695884912014,robocape,1493.0,1493.0
1446038695936614511,1194,1446038695934525012,robocape,1499.0,1488.0
1446038695969514428,1195,1446038695967387914,robocape,1497.0,1488.0
1446038696002325636,1196,1446038696000314950,robocape,1499.0,1489.0
1446038696035255970,1197,1446038696033543109,robocape,1493.0,1495.0
1446038696067878511,1198,1446038696066211938,robocape,1493.0,1494.0
1446038696100659511,1199,1446038696098958969,robocape,1493.0,1493.0
1446038696133636553,1200,1446038696131886959,robocape,1493.0,1494.0
1446038696166537137,1201,1446038696164638996,robocape,1499.0,1488.0
1446038696199571678,1202,1446038696197540998,robocape,1497.0,1488.0
1446038696232446637,1203,1446038696230456113,robocape,1499.0,1488.0
1446038696265862137,1204,1446038696263355970,robocape,1499.0,1494.0
1446038696297966637,1205,1446038696296266078,robocape,1494.0,1493.0
1446038696331711012,1206,1446038696329514980,robocape,1494.0,1494.0
1446038696363861262,1207,1446038696361963987,robocape,1494.0,1494.0
1446038696398350762,1208,1446038696396506071,robocape,1498.0,1488.0
1446038696429444803,1209,1446038696427213907,robocape,1499.0,1489.0
1446038696461384928,1210,1446038696460082054,robocape,1499.0,1488.0
1446038696494215970,1211,1446038696492893934,robocape,1499.0,1489.0
1446038696527110387,1212,1446038696525784015,robocape,1493.0,1494.0
1446038696559955803,1213,1446038696558617115,robocape,1493.0,1494.0
1446038696592837303,1214,1446038696591521024,robocape,1493.0,1494.0
1446038696625649595,1215,1446038696624407052,robocape,1493.0,1494.0
1446038696658696262,1216,1446038696657406091,robocape,1499.0,1489.0
1446038696691417928,1217,1446038696690077066,robocape,1499.0,1488.0
1446038696724565887,1218,1446038696722951889,robocape,1499.0,1488.0
1446038696757916303,1219,1446038696756161928,robocape,1498.0,1494.0
1446038696789961970,1220,1446038696788702964,robocape,1494.0,1494.0
1446038696822786845,1221,1446038696821563005,robocape,1492.0,1494.0
1446038696855745595,1222,1446038696854393959,robocape,1492.0,1494.0
1446038696888583929,1223,1446038696887263059,robocape,1499.0,1488.0
1446038696921871970,1224,1446038696920523881,robocape,1499.0,1488.0
1446038696954538179,1225,1446038696953181028,robocape,1499.0,1488.0
1446038696987154095,1226,1446038696985879898,robocape,1499.0,1488.0
1446038697020071845,1227,1446038697018750905,robocape,1493.0,1494.0
1446038697053013554,1228,1446038697051588058,robocape,1494.0,1494.0
1446038697085967179,1229,1446038697084439992,robocape,1492.0,1494.0
1446038697118640054,1230,1446038697117327928,robocape,1498.0,1494.0
1446038697151686345,1231,1446038697150214910,robocape,1498.0,1488.0
1446038697185041054,1232,1446038697183702945,robocape,1499.0,1488.0
1446038697217878762,1233,1446038697216095924,robocape,1499.0,1488.0
1446038697250065804,1234,1446038697248758077,robocape,1493.0,1494.0
1446038697283423512,1235,1446038697281992912,robocape,1493.0,1494.0
1446038697316877387,1236,1446038697315130949,robocape,1494.0,1494.0
1446038697349613512,1237,1446038697348140001,robocape,1494.0,1495.0
1446038697388102887,1238,1446038697380481004,robocape,1499.0,1489.0
1446038697415179554,1239,1446038697413496971,robocape,1499.0,1488.0
1446038697448177512,1240,1446038697446115970,robocape,1499.0,1489.0
1446038697481291887,1241,1446038697479990005,robocape,1499.0,1494.0
1446038697513744387,1242,1446038697512043952,robocape,1494.0,1494.0
1446038697548107054,1243,1446038697544774055,robocape,1494.0,1494.0
1446038697580790137,1244,1446038697577729940,robocape,1494.0,1495.0
1446038697613198346,1245,1446038697611046075,robocape,1497.0,1488.0
1446038697646514679,1246,1446038697643377065,robocape,1501.0,1488.0
1446038697679947096,1247,1446038697678572893,robocape,1499.0,1488.0
1446038697712441804,1248,1446038697710938930,robocape,1498.0,1488.0
1446038697745937512,1249,1446038697744612932,robocape,1490.0,1494.0
1446038697780369679,1250,1446038697777021884,robocape,1493.0,1494.0
1446038697813167137,1251,1446038697810998916,robocape,1494.0,1494.0
1446038697845639804,1252,1446038697844288110,robocape,1499.0,1494.0
1446038697880082429,1253,1446038697878756999,robocape,1499.0,1488.0
1446038697913511262,1254,1446038697910923957,robocape,1498.0,1488.0
1446038697945505637,1255,1446038697944183111,robocape,1499.0,1488.0
1446038697980272971,1256,1446038697976067066,robocape,1494.0,1494.0
1446038698010712262,1257,1446038698009455919,robocape,1494.0,1494.0
1446038698044688887,1258,1446038698037990093,robocape,1493.0,1494.0
1446038698077964429,1259,1446038698070729017,robocape,1492.0,1495.0
1446038698105253596,1260,1446038698103595972,robocape,1498.0,1489.0
1446038698138299637,1261,1446038698136478900,robocape,1498.0,1489.0
1446038698171714846,1262,1446038698169821023,robocape,1497.0,1488.0
1446038698204240221,1263,1446038698202280998,robocape,1501.0,1494.0
1446038698236709554,1264,1446038698235027074,robocape,1492.0,1494.0
1446038698269960346,1265,1446038698267916917,robocape,1493.0,1494.0
1446038698302746846,1266,1446038698300749063,robocape,1493.0,1494.0
1446038698336001179,1267,1446038698333990097,robocape,1498.0,1488.0
1446038698368121721,1268,1446038698366497993,robocape,1501.0,1489.0
1446038698403412721,1269,1446038698399369955,robocape,1498.0,1489.0
1446038698434845804,1270,1446038698432244062,robocape,1498.0,1488.0
1446038698466855846,1271,1446038698465141057,robocape,1492.0,1494.0
1446038698499917304,1272,1446038698498032093,robocape,1494.0,1494.0
1446038698532568804,1273,1446038698530884981,robocape,1493.0,1494.0
1446038698565691971,1274,1446038698563985109,robocape,1499.0,1494.0
1446038698598865804,1275,1446038698596807956,robocape,1499.0,1488.0
1446038698631456054,1276,1446038698629642963,robocape,1499.0,1488.0
1446038698664741679,1277,1446038698662888050,robocape,1497.0,1489.0
1446038698697312554,1278,1446038698695425033,robocape,1493.0,1493.0
1446038698729697846,1279,1446038698727694988,robocape,1492.0,1494.0
1446038698762349388,1280,1446038698760523080,robocape,1493.0,1494.0
1446038698794995929,1281,1446038698793636083,robocape,1490.0,1493.0
1446038698827641846,1282,1446038698826342105,robocape,1499.0,1488.0
1446038698860441429,1283,1446038698859122991,robocape,1499.0,1488.0
1446038698893253013,1284,1446038698891967058,robocape,1499.0,1488.0
1446038698926119138,1285,1446038698924824953,robocape,1499.0,1489.0
1446038698959155221,1286,1446038698957854986,robocape,1492.0,1494.0
1446038698991834263,1287,1446038698990514993,robocape,1493.0,1494.0
1446038699024763430,1288,1446038699023427009,robocape,1494.0,1494.0
1446038699057910346,1289,1446038699056320905,robocape,1499.0,1488.0
1446038699090405221,1290,1446038699089162111,robocape,1498.0,1488.0
1446038699123420805,1291,1446038699122164011,robocape,1499.0,1488.0
1446038699156171513,1292,1446038699154860019,robocape,1499.0,1489.0
1446038699189136388,1293,1446038699187824010,robocape,1493.0,1494.0
1446038699221947138,1294,1446038699220604896,robocape,1494.0,1494.0
1446038699254700305,1295,1446038699253478050,robocape,1493.0,1493.0
1446038699287680513,1296,1446038699286358118,robocape,1492.0,1494.0
1446038699320886846,1297,1446038699319529056,robocape,1499.0,1488.0
1446038699353484930,1298,1446038699352180004,robocape,1499.0,1489.0
1446038699390359805,1299,1446038699388026952,robocape,1499.0,1488.0
1446038699419704888,1300,1446038699418380975,robocape,1494.0,1494.0
1446038699452066180,1301,1446038699450685024,robocape,1492.0,1494.0
1446038699484845263,1302,1446038699483546972,robocape,1493.0,1494.0
1446038699517721638,1303,1446038699516397953,robocape,1493.0,1494.0
1446038699550890971,1304,1446038699549561977,robocape,1499.0,1488.0
1446038699583439888,1305,1446038699582110881,robocape,1497.0,1488.0
1446038699616950846,1306,1446038699615614891,robocape,1499.0,1488.0
1446038699649796055,1307,1446038699648457050,robocape,1498.0,1488.0
1446038699682999180,1308,1446038699681648015,robocape,1492.0,1494.0
1446038699715502305,1309,1446038699714243888,robocape,1493.0,1494.0
1446038699748321847,1310,1446038699746987104,robocape,1493.0,1494.0
1446038699781640180,1311,1446038699780313014,robocape,1498.0,1488.0
1446038699814163638,1312,1446038699812844038,robocape,1498.0,1488.0
1446038699847327513,1313,1446038699845851898,robocape,1499.0,1489.0
1446038699880211222,1314,1446038699878181934,robocape,1499.0,1488.0
1446038699912749430,1315,1446038699911511898,robocape,1494.0,1494.0
1446038699947027347,1316,1446038699943746089,robocape,1493.0,1494.0
1446038699979986388,1317,1446038699977976083,robocape,1494.0,1494.0
1446038700012545930,1318,1446038700011315107,robocape,1494.0,1494.0
1446038700045776180,1319,1446038700044548988,robocape,1497.0,1488.0
1446038700079604055,1320,1446038700077600955,robocape,1499.0,1489.0
1446038700112992472,1321,1446038700111012935,robocape,1499.0,1488.0
1446038700146982972,1322,1446038700143035888,robocape,1497.0,1494.0
1446038700180470847,1323,1446038700178406953,robocape,1494.0,1494.0
1446038700212850597,1324,1446038700211500883,robocape,1493.0,1494.0
1446038700246705930,1325,1446038700244537115,robocape,1493.0,1494.0
1446038700278855805,1326,1446038700277528047,robocape,1498.0,1488.0
1446038700312189097,1327,1446038700310858964,robocape,1497.0,1488.0
1446038700345408180,1328,1446038700338299036,robocape,1499.0,1488.0
1446038700386378722,1329,1446038700380265951,robocape,1498.0,1488.0
1446038700406359305,1330,1446038700404660940,robocape,1492.0,1493.0
