%time,field.header.seq,field.header.stamp,field.header.frame_id,field.temperature,field.variance
1446038004996377595,1,1446038004797565937,robocape,1490.0,1720.0
1446038004996939178,2,1446038004824421882,robocape,1493.0,1360.0
1446038005000806053,3,1446038004860568046,robocape,1486.0,1360.0
1446038005014680803,4,1446038004890561103,robocape,1484.0,1720.0
1446038005014748220,5,1446038004929610013,robocape,1485.0,1720.0
1446038005014780762,6,1446038004978586912,robocape,1486.0,1720.0
1446038005015626137,7,1446038005004765987,robocape,1492.0,1720.0
1446038005038260803,8,1446038005035583019,robocape,1489.0,1360.0
1446038005072796887,9,1446038005068249940,robocape,1490.0,1720.0
1446038005102080428,10,1446038005100914955,robocape,1484.0,1720.0
1446038005135116095,11,1446038005133718967,robocape,1484.0,1360.0
1446038005170544553,12,1446038005169337987,robocape,1484.0,1720.0
1446038005200727387,13,1446038005199497938,robocape,1484.0,1720.0
1446038005233526137,14,1446038005232362985,robocape,1488.0,1720.0
1446038005266630220,15,1446038005265407085,robocape,1492.0,1360.0
1446038005299286970,16,1446038005298059940,robocape,1492.0,1360.0
1446038005332159179,17,1446038005330908060,robocape,1492.0,1720.0
1446038005365096470,18,1446038005363784074,robocape,1482.0,1360.0
1446038005398032637,19,1446038005396701097,robocape,1484.0,1720.0
1446038005432003137,20,1446038005430674076,robocape,1480.0,1720.0
1446038005464366304,21,1446038005463032007,robocape,1490.0,1360.0
1446038005496686804,22,1446038005495359897,robocape,1489.0,1720.0
1446038005530271679,23,1446038005528788089,robocape,1490.0,1360.0
1446038005562902470,24,1446038005561578989,robocape,1489.0,1720.0
1446038005595814845,25,1446038005594495058,robocape,1485.0,1720.0
1446038005628679220,26,1446038005627351999,robocape,1484.0,1720.0
1446038005661533095,27,1446038005660202026,robocape,1484.0,1360.0
1446038005694472054,28,1446038005693223953,robocape,1490.0,1360.0
1446038005727365845,29,1446038005726113080,robocape,1492.0,1720.0
1446038005760235095,30,1446038005758394002,robocape,1489.0,1720.0
1446038005793943220,31,1446038005792674064,robocape,1492.0,1360.0
1446038005827183595,32,1446038005824165105,robocape,1481.0,1360.0
1446038005860105554,33,1446038005858093976,robocape,1482.0,1360.0
1446038005894014470,34,1446038005891849994,robocape,1481.0,1720.0
1446038005926902345,35,1446038005924890041,robocape,1488.0,1360.0
1446038005959990762,36,1446038005957727909,robocape,1492.0,1720.0
1446038005993960887,37,1446038005992616891,robocape,1490.0,1720.0
1446038006027398637,38,1446038006026074886,robocape,1488.0,1720.0
1446038006059466762,39,1446038006058228969,robocape,1485.0,1720.0
1446038006092876762,40,1446038006091589927,robocape,1485.0,1720.0
1446038006126766512,41,1446038006124741077,robocape,1484.0,1720.0
1446038006159281762,42,1446038006158061027,robocape,1480.0,1360.0
1446038006193123346,43,1446038006191791057,robocape,1490.0,1720.0
1446038006226336679,44,1446038006222680091,robocape,1488.0,1360.0
1446038006256815429,45,1446038006255549907,robocape,1490.0,1360.0
1446038006291660512,46,1446038006284264087,robocape,1490.0,1720.0
1446038006322892596,47,1446038006317167997,robocape,1485.0,1360.0
1446038006351741846,48,1446038006350071907,robocape,1481.0,1360.0
1446038006384694304,49,1446038006383001089,robocape,1484.0,1360.0
1446038006417679887,50,1446038006416019916,robocape,1488.0,1360.0
1446038006450349471,51,1446038006448726892,robocape,1490.0,1720.0
1446038006483661887,52,1446038006481780052,robocape,1489.0,1360.0
1446038006516517637,53,1446038006514451026,robocape,1492.0,1360.0
1446038006548981721,54,1446038006547302007,robocape,1484.0,1720.0
1446038006582252012,55,1446038006580168962,robocape,1485.0,1720.0
1446038006614949054,56,1446038006613046884,robocape,1482.0,1360.0
1446038006648272179,57,1446038006646030902,robocape,1485.0,1720.0
1446038006680735554,58,1446038006678699016,robocape,1489.0,1360.0
1446038006713211346,59,1446038006711513996,robocape,1490.0,1360.0
1446038006746343138,60,1446038006744462966,robocape,1490.0,1720.0
1446038006779091013,61,1446038006777396917,robocape,1485.0,1360.0
1446038006812081304,62,1446038006810229063,robocape,1484.0,1720.0
1446038006844763013,63,1446038006843133926,robocape,1485.0,1720.0
1446038006877913804,64,1446038006876229047,robocape,1484.0,1720.0
1446038006911083221,65,1446038006909373044,robocape,1492.0,1720.0
1446038006943520679,66,1446038006941770076,robocape,1486.0,1360.0
1446038006976172429,67,1446038006974167108,robocape,1492.0,1360.0
1446038007008869263,68,1446038007006979942,robocape,1490.0,1720.0
1446038007041147263,69,1446038007039815902,robocape,1485.0,1720.0
1446038007074269721,70,1446038007072918891,robocape,1482.0,1360.0
1446038007106935596,71,1446038007105585098,robocape,1485.0,1360.0
1446038007140094054,72,1446038007138751029,robocape,1489.0,1720.0
1446038007173033388,73,1446038007171540021,robocape,1490.0,1360.0
1446038007205446763,74,1446038007204132080,robocape,1486.0,1360.0
1446038007238508721,75,1446038007237004041,robocape,1492.0,1720.0
1446038007271336888,76,1446038007269869089,robocape,1482.0,1720.0
1446038007304093179,77,1446038007302755117,robocape,1484.0,1720.0
1446038007337109388,78,1446038007335614919,robocape,1482.0,1720.0
1446038007369899180,79,1446038007368653059,robocape,1490.0,1720.0
1446038007402642555,80,1446038007401321887,robocape,1489.0,1720.0
1446038007435521221,81,1446038007434182882,robocape,1490.0,1720.0
1446038007468390055,82,1446038007467077970,robocape,1489.0,1360.0
1446038007501328305,83,1446038007499991893,robocape,1482.0,1720.0
1446038007534156513,84,1446038007532888889,robocape,1486.0,1720.0
1446038007566935055,85,1446038007565634012,robocape,1485.0,1720.0
1446038007600252055,86,1446038007598850965,robocape,1482.0,1360.0
1446038007632693680,87,1446038007631352901,robocape,1490.0,1360.0
1446038007665592805,88,1446038007664256095,robocape,1490.0,1360.0
1446038007698649180,89,1446038007697151899,robocape,1490.0,1360.0
1446038007731304055,90,1446038007730024099,robocape,1488.0,1360.0
1446038007764141305,91,1446038007762809991,robocape,1484.0,1720.0
1446038007814245013,92,1446038007812545061,robocape,1484.0,1360.0
1446038007862942846,93,1446038007861603021,robocape,1489.0,1720.0
1446038007896254305,94,1446038007894927024,robocape,1490.0,1360.0
1446038007929345763,95,1446038007927814006,robocape,1489.0,1720.0
1446038007979345680,96,1446038007977171897,robocape,1486.0,1720.0
1446038008012040388,97,1446038008010310888,robocape,1485.0,1360.0
1446038008044992430,98,1446038008043143033,robocape,1486.0,1360.0
1446038008078066680,99,1446038008076301097,robocape,1486.0,1360.0
1446038008110079263,100,1446038008108345031,robocape,1492.0,1720.0
1446038008143058472,101,1446038008140985965,robocape,1492.0,1360.0
1446038008175970513,102,1446038008173650026,robocape,1492.0,1360.0
1446038008207769263,103,1446038008206515073,robocape,1492.0,1360.0
1446038008240719763,104,1446038008239326953,robocape,1485.0,1360.0
1446038008273511013,105,1446038008272202968,robocape,1485.0,1720.0
1446038008306422513,106,1446038008305083036,robocape,1486.0,1720.0
1446038008339479847,107,1446038008338123083,robocape,1490.0,1720.0
1446038008372089513,108,1446038008370851039,robocape,1492.0,1360.0
1446038008405423263,109,1446038008404160976,robocape,1490.0,1720.0
1446038008437847097,110,1446038008436521053,robocape,1490.0,1360.0
1446038008470841013,111,1446038008469369888,robocape,1486.0,1720.0
1446038008503600347,112,1446038008502274036,robocape,1484.0,1360.0
1446038008536515472,113,1446038008535175085,robocape,1485.0,1360.0
1446038008569251847,114,1446038008568007946,robocape,1485.0,1720.0
1446038008602157388,115,1446038008600907087,robocape,1492.0,1720.0
1446038008635038055,116,1446038008633702993,robocape,1492.0,1360.0
1446038008667857555,117,1446038008666557073,robocape,1492.0,1720.0
1446038008700886972,118,1446038008699527025,robocape,1488.0,1360.0
1446038008733604013,119,1446038008732352018,robocape,1485.0,1360.0
1446038008766446597,120,1446038008765187025,robocape,1485.0,1360.0
1446038008799320139,121,1446038008798005104,robocape,1485.0,1360.0
1446038008832537847,122,1446038008831024885,robocape,1492.0,1720.0
1446038008865083389,123,1446038008863779067,robocape,1490.0,1720.0
1446038008898013680,124,1446038008896682024,robocape,1493.0,1720.0
1446038008930895180,125,1446038008929583072,robocape,1490.0,1720.0
1446038008963670597,126,1446038008962415933,robocape,1484.0,1360.0
1446038009001526639,127,1446038009000176906,robocape,1484.0,1360.0
1446038009030626722,128,1446038009029269933,robocape,1486.0,1720.0
1446038009062577972,129,1446038009061129093,robocape,1490.0,1360.0
1446038009095903639,130,1446038009094562053,robocape,1492.0,1360.0
1446038009128868597,131,1446038009127484083,robocape,1490.0,1720.0
1446038009161857847,132,1446038009160316944,robocape,1489.0,1720.0
1446038009195779055,133,1446038009194329977,robocape,1484.0,1360.0
1446038009227489639,134,1446038009226243019,robocape,1486.0,1360.0
1446038009260493222,135,1446038009258584022,robocape,1490.0,1728.0
1446038009293381264,136,1446038009291371107,robocape,1490.0,1730.0
1446038009327326764,137,1446038009325133085,robocape,1492.0,1730.0
1446038009359078055,138,1446038009357750892,robocape,1490.0,1730.0
1446038009393976847,139,1446038009392648935,robocape,1485.0,1730.0
1446038009427375139,140,1446038009423211097,robocape,1485.0,1736.0
1446038009460597139,141,1446038009458573102,robocape,1485.0,1737.0
1446038009493788222,142,1446038009491760015,robocape,1492.0,1730.0
1446038009526223389,143,1446038009524205923,robocape,1490.0,1730.0
1446038009559012681,144,1446038009557670116,robocape,1490.0,1730.0
1446038009592862722,145,1446038009591625928,robocape,1490.0,1730.0
1446038009626346639,146,1446038009625025033,robocape,1485.0,1728.0
1446038009660698681,147,1446038009658396005,robocape,1485.0,1726.0
1446038009703328472,148,1446038009701989889,robocape,1484.0,1360.0
1446038009736306514,149,1446038009734956026,robocape,1492.0,1720.0
1446038009768785514,150,1446038009767538070,robocape,1489.0,1360.0
1446038009801863972,151,1446038009800436973,robocape,1490.0,1360.0
1446038009834555056,152,1446038009833250999,robocape,1490.0,1360.0
1446038009867425764,153,1446038009866099119,robocape,1492.0,1360.0
1446038009900383472,154,1446038009899063110,robocape,1489.0,1360.0
1446038009933267389,155,1446038009931941986,robocape,1485.0,1720.0
1446038009965967847,156,1446038009964709997,robocape,1482.0,1360.0
1446038010003943347,157,1446038010001332044,robocape,1484.0,1360.0
1446038010032008764,158,1446038010030414104,robocape,1489.0,1360.0
1446038010065244431,159,1446038010063895940,robocape,1492.0,1360.0
1446038010097462514,160,1446038010096129894,robocape,1490.0,1720.0
1446038010131067139,161,1446038010129751920,robocape,1492.0,1360.0
1446038010163192056,162,1446038010161735057,robocape,1488.0,1360.0
1446038010196641639,163,1446038010195192098,robocape,1485.0,1304.0
1446038010229270514,164,1446038010228027105,robocape,1484.0,1266.0
1446038010262381431,165,1446038010260812997,robocape,1485.0,1261.0
1446038010295066556,166,1446038010293740034,robocape,1482.0,1263.0
1446038010327912598,167,1446038010326589107,robocape,1490.0,1253.0
1446038010360951514,168,1446038010359267950,robocape,1492.0,1258.0
1446038010394615098,169,1446038010392600059,robocape,1492.0,1258.0
1446038010426841639,170,1446038010424869060,robocape,1489.0,1262.0
1446038010459209598,171,1446038010457870006,robocape,1484.0,1257.0
1446038010493918014,172,1446038010490603923,robocape,1481.0,1263.0
1446038010527317681,173,1446038010523654937,robocape,1485.0,1258.0
1446038010560250431,174,1446038010558904886,robocape,1490.0,1261.0
1446038010593349473,175,1446038010591346979,robocape,1492.0,1251.0
1446038010626884889,176,1446038010624856948,robocape,1490.0,1262.0
1446038010660322223,177,1446038010657766103,robocape,1492.0,1257.0
1446038010692500389,178,1446038010691174983,robocape,1482.0,1257.0
1446038010725834348,179,1446038010724548101,robocape,1485.0,1258.0
1446038010759767056,180,1446038010758246898,robocape,1484.0,1263.0
1446038010793049473,181,1446038010791058063,robocape,1486.0,1259.0
1446038010826274139,182,1446038010824275016,robocape,1489.0,1261.0
1446038010859294765,183,1446038010857785940,robocape,1492.0,1280.0
1446038010892077556,184,1446038010890746116,robocape,1492.0,1346.0
1446038010925282806,185,1446038010923962116,robocape,1486.0,1360.0
1446038010958196765,186,1446038010950963973,robocape,1485.0,1720.0
1446038011000334348,187,1446038010993427991,robocape,1493.0,1720.0
1446038011018716431,188,1446038011016741037,robocape,1493.0,1720.0
1446038011051398598,189,1446038011049638032,robocape,1493.0,1720.0
1446038011084425390,190,1446038011082634925,robocape,1492.0,1360.0
1446038011117141473,191,1446038011115335941,robocape,1485.0,1360.0
1446038011150109306,192,1446038011148376941,robocape,1484.0,1360.0
1446038011183820931,193,1446038011181497097,robocape,1488.0,1720.0
1446038011215924181,194,1446038011213891983,robocape,1482.0,1360.0
1446038011248726223,195,1446038011246958971,robocape,1493.0,1360.0
1446038011281913056,196,1446038011279618978,robocape,1489.0,1720.0
1446038011314231973,197,1446038011312547922,robocape,1492.0,1360.0
1446038011347485348,198,1446038011345350980,robocape,1490.0,1360.0
1446038011379812765,199,1446038011378129005,robocape,1486.0,1720.0
1446038011412922806,200,1446038011410926103,robocape,1488.0,1356.0
1446038011445478681,201,1446038011443784952,robocape,1486.0,1288.0
1446038011478346265,202,1446038011476643085,robocape,1486.0,1262.0
1446038011511523890,203,1446038011509829998,robocape,1486.0,1262.0
1446038011544674556,204,1446038011542639970,robocape,1490.0,1257.0
1446038011577130682,205,1446038011575418949,robocape,1492.0,1258.0
1446038011609842098,206,1446038011607660055,robocape,1490.0,1264.0
1446038011642572765,207,1446038011640688896,robocape,1486.0,1261.0
1446038011674683557,208,1446038011673402070,robocape,1485.0,1264.0
1446038011707522265,209,1446038011706221103,robocape,1486.0,1259.0
1446038011740362723,210,1446038011739048957,robocape,1482.0,1263.0
1446038011773305057,211,1446038011771958112,robocape,1492.0,1254.0
1446038011806391307,212,1446038011805044889,robocape,1490.0,1258.0
1446038011839125640,213,1446038011837860107,robocape,1493.0,1261.0
1446038011871860557,214,1446038011870609998,robocape,1492.0,1264.0
1446038011904793598,215,1446038011903393030,robocape,1486.0,1262.0
1446038011937634348,216,1446038011936254978,robocape,1484.0,1267.0
1446038011970550390,217,1446038011969233036,robocape,1486.0,1274.0
1446038012005446973,218,1446038012002840042,robocape,1489.0,1296.0
1446038012036488848,219,1446038012035152912,robocape,1492.0,1318.0
1446038012069462640,220,1446038012067867040,robocape,1494.0,1343.0
1446038012102154515,221,1446038012100847005,robocape,1486.0,1720.0
1446038012134941432,222,1446038012133589982,robocape,1485.0,1360.0
1446038012167954348,223,1446038012166657924,robocape,1486.0,1720.0
1446038012200750098,224,1446038012199419021,robocape,1490.0,1720.0
1446038012233535765,225,1446038012232280015,robocape,1494.0,1720.0
1446038012266422765,226,1446038012265171051,robocape,1490.0,1360.0
1446038012299340974,227,1446038012298033952,robocape,1493.0,1360.0
1446038012332382640,228,1446038012331051111,robocape,1484.0,1720.0
1446038012365185849,229,1446038012363758087,robocape,1488.0,1720.0
1446038012397998224,230,1446038012396663904,robocape,1484.0,1720.0
1446038012431111849,231,1446038012429553031,robocape,1492.0,1720.0
1446038012463904640,232,1446038012462516069,robocape,1492.0,1360.0
1446038012498165307,233,1446038012496803045,robocape,1493.0,1720.0
1446038012531525349,234,1446038012529998064,robocape,1493.0,1360.0
1446038012562956807,235,1446038012561485052,robocape,1488.0,1720.0
1446038012597043807,236,1446038012595720052,robocape,1486.0,1720.0
1446038012630337599,237,1446038012628590106,robocape,1488.0,1720.0
1446038012662182557,238,1446038012660859107,robocape,1485.0,1352.0
1446038012695196224,239,1446038012693686008,robocape,1486.0,1306.0
1446038012727612349,240,1446038012725533008,robocape,1489.0,1275.0
1446038012759291432,241,1446038012757987976,robocape,1493.0,1257.0
1446038012794310974,242,1446038012792977094,robocape,1489.0,1266.0
1446038012826992224,243,1446038012824971914,robocape,1492.0,1261.0
1446038012859905599,244,1446038012858558893,robocape,1485.0,1266.0
1446038012893943557,245,1446038012891830921,robocape,1486.0,1261.0
1446038012926275557,246,1446038012924261093,robocape,1485.0,1266.0
1446038012959131016,247,1446038012957801103,robocape,1493.0,1262.0
1446038013000589599,248,1446038012997226953,robocape,1492.0,1261.0
1446038013025615974,249,1446038013024276018,robocape,1492.0,1262.0
1446038013059563641,250,1446038013058319091,robocape,1490.0,1264.0
1446038013092575641,251,1446038013091320037,robocape,1486.0,1261.0
1446038013126212057,252,1446038013124793052,robocape,1485.0,1266.0
1446038013158949974,253,1446038013157707929,robocape,1486.0,1262.0
1446038013192571182,254,1446038013191327095,robocape,1485.0,1266.0
1446038013225161182,255,1446038013223754882,robocape,1492.0,1257.0
1446038013258317141,256,1446038013256956100,robocape,1489.0,1272.0
1446038013285799807,257,1446038013284133911,robocape,1493.0,1297.0
1446038013325635391,258,1446038013324332952,robocape,1485.0,1325.0
1446038013351853599,259,1446038013349939107,robocape,1486.0,1342.0
1446038013384680766,260,1446038013383002042,robocape,1486.0,1352.0
1446038013417506641,261,1446038013415822029,robocape,1492.0,1356.0
1446038013450382849,262,1446038013448713064,robocape,1492.0,1360.0
1446038013483100932,263,1446038013481393098,robocape,1493.0,1360.0
1446038013516185641,264,1446038013514303922,robocape,1490.0,1360.0
1446038013548959849,265,1446038013547130107,robocape,1486.0,1360.0
1446038013581757807,266,1446038013580060005,robocape,1485.0,1720.0
1446038013614946016,267,1446038013613241910,robocape,1486.0,1360.0
1446038013647399808,268,1446038013645709991,robocape,1492.0,1720.0
1446038013680586349,269,1446038013678576946,robocape,1493.0,1360.0
1446038013713354766,270,1446038013711616992,robocape,1490.0,1360.0
1446038013746403849,271,1446038013744648933,robocape,1492.0,1720.0
1446038013779051308,272,1446038013777365922,robocape,1484.0,1360.0
1446038013811785183,273,1446038013810110092,robocape,1486.0,1360.0
1446038013845423641,274,1446038013843178033,robocape,1482.0,1360.0
1446038013877918891,275,1446038013876087903,robocape,1485.0,1720.0
1446038013910900224,276,1446038013908835887,robocape,1489.0,1360.0
1446038013943321724,277,1446038013941155910,robocape,1493.0,1360.0
1446038013975794349,278,1446038013973982095,robocape,1490.0,1360.0
1446038014008218974,279,1446038014006831884,robocape,1492.0,1720.0
1446038014040987849,280,1446038014039647102,robocape,1485.0,1720.0
1446038014073981141,281,1446038014072643995,robocape,1486.0,1360.0
1446038014106847891,282,1446038014105515956,robocape,1486.0,1356.0
1446038014140106516,283,1446038014138751983,robocape,1492.0,1352.0
1446038014172617266,284,1446038014171091079,robocape,1490.0,1348.0
1446038014205544641,285,1446038014203948020,robocape,1492.0,1346.0
1446038014238108766,286,1446038014236799955,robocape,1488.0,1355.0
1446038014271276766,287,1446038014269820928,robocape,1486.0,1352.0
1446038014303870058,288,1446038014302601099,robocape,1486.0,1356.0
1446038014336719183,289,1446038014335474014,robocape,1485.0,1352.0
1446038014369645350,290,1446038014368297100,robocape,1485.0,1355.0
1446038014402481266,291,1446038014401150941,robocape,1493.0,1346.0
1446038014435604808,292,1446038014434281110,robocape,1490.0,1345.0
1446038014468189975,293,1446038014466864109,robocape,1493.0,1341.0
1446038014501027058,294,1446038014499769926,robocape,1489.0,1335.0
1446038014533893766,295,1446038014532609939,robocape,1486.0,1325.0
1446038014566754850,296,1446038014565433025,robocape,1484.0,1325.0
1446038014599637683,297,1446038014598294019,robocape,1486.0,1318.0
1446038014632493391,298,1446038014631161928,robocape,1490.0,1303.0
1446038014665292391,299,1446038014664047956,robocape,1492.0,1289.0
1446038014698232016,300,1446038014696960926,robocape,1492.0,1280.0
1446038014731115808,301,1446038014729870080,robocape,1492.0,1271.0
1446038014764106975,302,1446038014762787103,robocape,1492.0,1263.0
1446038014797132016,303,1446038014795510053,robocape,1486.0,1262.0
1446038014830351391,304,1446038014829039096,robocape,1485.0,1266.0
1446038014863222100,305,1446038014861882925,robocape,1486.0,1261.0
1446038014896212391,306,1446038014894750118,robocape,1493.0,1254.0
1446038014928836058,307,1446038014927572011,robocape,1492.0,1255.0
1446038014961778058,308,1446038014960103988,robocape,1490.0,1266.0
1446038015002121308,309,1446038014994529008,robocape,1492.0,1262.0
1446038015029236516,310,1446038015027848958,robocape,1484.0,1267.0
1446038015060806017,311,1446038015058634996,robocape,1486.0,1261.0
1446038015093387183,312,1446038015091460943,robocape,1484.0,1267.0
1446038015126594683,313,1446038015124587059,robocape,1494.0,1264.0
1446038015160040975,314,1446038015158715009,robocape,1492.0,1283.0
1446038015193558392,315,1446038015191529989,robocape,1493.0,1317.0
1446038015226833392,316,1446038015223186016,robocape,1489.0,1350.0
1446038015260878767,317,1446038015259646892,robocape,1486.0,1360.0
1446038015293251142,318,1446038015291235923,robocape,1485.0,1720.0
1446038015328568933,319,1446038015327218055,robocape,1486.0,1720.0
1446038015358542683,320,1446038015357275962,robocape,1492.0,1720.0
1446038015393449850,321,1446038015391443014,robocape,1492.0,1360.0
1446038015426576017,322,1446038015424418926,robocape,1490.0,1720.0
1446038015460428558,323,1446038015459094047,robocape,1486.0,1720.0
1446038015493385642,324,1446038015491380929,robocape,1484.0,1360.0
1446038015526359350,325,1446038015524034023,robocape,1485.0,1720.0
1446038015559963225,326,1446038015556138992,robocape,1492.0,1360.0
1446038015591383142,327,1446038015590064048,robocape,1492.0,1360.0
1446038015624770725,328,1446038015617805957,robocape,1490.0,1720.0
1446038015652173058,329,1446038015650499105,robocape,1492.0,1360.0
1446038015685086225,330,1446038015683381080,robocape,1485.0,1720.0
1446038015718207892,331,1446038015716317892,robocape,1486.0,1360.0
1446038015750938142,332,1446038015749250888,robocape,1484.0,1720.0
1446038015783834309,333,1446038015781969070,robocape,1486.0,1720.0
1446038015816767184,334,1446038015814734935,robocape,1490.0,1360.0
1446038015849994434,335,1446038015847954988,robocape,1493.0,1348.0
1446038015882169809,336,1446038015880433082,robocape,1490.0,1304.0
1446038015915050059,337,1446038015913405895,robocape,1492.0,1266.0
1446038015947731600,338,1446038015946057081,robocape,1490.0,1267.0
1446038015980789017,339,1446038015978931903,robocape,1485.0,1261.0
1446038016013621892,340,1446038016011856079,robocape,1484.0,1266.0
1446038016046776975,341,1446038016045059919,robocape,1486.0,1259.0
1446038016079454559,342,1446038016077750921,robocape,1492.0,1263.0
1446038016112421309,343,1446038016110393047,robocape,1493.0,1254.0
1446038016145005684,344,1446038016143313884,robocape,1490.0,1264.0
1446038016178882059,345,1446038016177474975,robocape,1493.0,1261.0
1446038016214263767,346,1446038016212940931,robocape,1484.0,1263.0
1446038016244023434,347,1446038016242084980,robocape,1486.0,1259.0
1446038016276422350,348,1446038016274281024,robocape,1485.0,1259.0
1446038016308973309,349,1446038016307132005,robocape,1486.0,1259.0
1446038016341382350,350,1446038016340042114,robocape,1490.0,1254.0
1446038016374159600,351,1446038016372917890,robocape,1492.0,1254.0
1446038016407019100,352,1446038016405766010,robocape,1490.0,1266.0
1446038016439928934,353,1446038016438601970,robocape,1492.0,1259.0
1446038016472800976,354,1446038016471477031,robocape,1484.0,1266.0
1446038016505817351,355,1446038016504488945,robocape,1488.0,1261.0
1446038016538981351,356,1446038016537529945,robocape,1485.0,1264.0
1446038016571396892,357,1446038016570125102,robocape,1494.0,1254.0
1446038016604370309,358,1446038016602969884,robocape,1490.0,1259.0
1446038016637089267,359,1446038016635776996,robocape,1493.0,1261.0
1446038016670014351,360,1446038016668665885,robocape,1492.0,1264.0
1446038016702873767,361,1446038016701539993,robocape,1488.0,1262.0
1446038016735844351,362,1446038016734430074,robocape,1485.0,1266.0
1446038016768542059,363,1446038016767277956,robocape,1486.0,1261.0
1446038016801545434,364,1446038016800168037,robocape,1490.0,1267.0
1446038016834311851,365,1446038016832998037,robocape,1494.0,1255.0
1446038016867347809,366,1446038016865854978,robocape,1490.0,1267.0
1446038016900134559,367,1446038016898814916,robocape,1493.0,1272.0
1446038016932973767,368,1446038016931631088,robocape,1485.0,1291.0
1446038016965956601,369,1446038016964541912,robocape,1486.0,1312.0
1446038017004190809,370,1446038017001902103,robocape,1484.0,1342.0
1446038017032334934,371,1446038017031086921,robocape,1493.0,1356.0
1446038017064700517,372,1446038017063180923,robocape,1490.0,1360.0
1446038017097370267,373,1446038017096059083,robocape,1493.0,1720.0
1446038017131155892,374,1446038017129820108,robocape,1485.0,1720.0
1446038017164487309,375,1446038017162945985,robocape,1486.0,1360.0
1446038017196677059,376,1446038017195364952,robocape,1486.0,1720.0
1446038017229551809,377,1446038017228292942,robocape,1494.0,1720.0
1446038017261799393,378,1446038017260462999,robocape,1490.0,1720.0
1446038017295274143,379,1446038017293942928,robocape,1493.0,1720.0
1446038017327724393,380,1446038017326365947,robocape,1494.0,1360.0
1446038017361543184,381,1446038017359421968,robocape,1488.0,1360.0
1446038017393964559,382,1446038017392230033,robocape,1484.0,1720.0
1446038017427345268,383,1446038017425328016,robocape,1488.0,1720.0
1446038017460194726,384,1446038017457845926,robocape,1486.0,1720.0
1446038017494254226,385,1446038017492243051,robocape,1493.0,1360.0
1446038017527218184,386,1446038017525892019,robocape,1490.0,1720.0
1446038017560918309,387,1446038017556725025,robocape,1493.0,1360.0
1446038017593398726,388,1446038017591340065,robocape,1485.0,1360.0
1446038017627099809,389,1446038017623564958,robocape,1486.0,1720.0
1446038017660148893,390,1446038017658269882,robocape,1485.0,1720.0
1446038017693631559,391,1446038017690479040,robocape,1486.0,1720.0
1446038017727183893,392,1446038017723803997,robocape,1490.0,1720.0
1446038017759412101,393,1446038017757966995,robocape,1493.0,1360.0
1446038017793283851,394,1446038017791261911,robocape,1493.0,1720.0
1446038017826967393,395,1446038017824800968,robocape,1493.0,1360.0
1446038017859184935,396,1446038017857656002,robocape,1484.0,1360.0
1446038017892233476,397,1446038017890810966,robocape,1488.0,1720.0
1446038017924860435,398,1446038017918086051,robocape,1485.0,1720.0
1446038017957845018,399,1446038017950984001,robocape,1494.0,1720.0
1446038017996586851,400,1446038017995238065,robocape,1492.0,1360.0
1446038018018577310,401,1446038018016782999,robocape,1494.0,1360.0
1446038018054161976,402,1446038018049603939,robocape,1490.0,1720.0
1446038018084427351,403,1446038018082603931,robocape,1488.0,1360.0
1446038018116939351,404,1446038018115250110,robocape,1485.0,1360.0
1446038018150084976,405,1446038018148395061,robocape,1488.0,1720.0
1446038018182855601,406,1446038018180903911,robocape,1485.0,1720.0
1446038018215925518,407,1446038018213923931,robocape,1493.0,1720.0
1446038018248519935,408,1446038018246759891,robocape,1490.0,1360.0
1446038018281605351,409,1446038018279918909,robocape,1492.0,1720.0
1446038018314249393,410,1446038018312541007,robocape,1492.0,1720.0
1446038018347384060,411,1446038018345336914,robocape,1488.0,1720.0
1446038018380093226,412,1446038018378185033,robocape,1485.0,1360.0
1446038018413114060,413,1446038018411077976,robocape,1489.0,1720.0
1446038018445807601,414,1446038018444118022,robocape,1490.0,1720.0
1446038018478783018,415,1446038018476831912,robocape,1493.0,1720.0
1446038018511650810,416,1446038018509784936,robocape,1492.0,1360.0
1446038018544815685,417,1446038018543071031,robocape,1493.0,1720.0
1446038018577358727,418,1446038018575685977,robocape,1485.0,1360.0
1446038018610039477,419,1446038018608298063,robocape,1488.0,1720.0
1446038018642722977,420,1446038018640736103,robocape,1484.0,1360.0
1446038018675804602,421,1446038018673599958,robocape,1492.0,1720.0
1446038018707802060,422,1446038018706546068,robocape,1490.0,1360.0
1446038018740753768,423,1446038018739448070,robocape,1494.0,1720.0
1446038018773394810,424,1446038018772058010,robocape,1493.0,1360.0
1446038018806346768,425,1446038018804888010,robocape,1493.0,1358.0
1446038018839033310,426,1446038018837759017,robocape,1489.0,1320.0
1446038018871857018,427,1446038018870593070,robocape,1485.0,1300.0
1446038018904774893,428,1446038018903481006,robocape,1485.0,1300.0
1446038018937719227,429,1446038018936383962,robocape,1486.0,1296.0
1446038018970624185,430,1446038018969279050,robocape,1492.0,1295.0
1446038019005494018,431,1446038019004082918,robocape,1493.0,1287.0
1446038019036191935,432,1446038019034926891,robocape,1490.0,1297.0
1446038019069124435,433,1446038019067784070,robocape,1493.0,1295.0
1446038019101895185,434,1446038019100594043,robocape,1485.0,1296.0
1446038019134769185,435,1446038019133433103,robocape,1488.0,1296.0
1446038019168284143,436,1446038019166941881,robocape,1485.0,1301.0
1446038019200590102,437,1446038019199239015,robocape,1493.0,1296.0
1446038019233383560,438,1446038019232100009,robocape,1490.0,1289.0
1446038019266216560,439,1446038019264964103,robocape,1493.0,1291.0
1446038019299095602,440,1446038019297776937,robocape,1490.0,1296.0
1446038019332220019,441,1446038019330705881,robocape,1486.0,1297.0
1446038019364887852,442,1446038019363549947,robocape,1485.0,1300.0
1446038019397812894,443,1446038019396495103,robocape,1485.0,1296.0
1446038019430735269,444,1446038019429328918,robocape,1486.0,1300.0
1446038019463663894,445,1446038019462179899,robocape,1493.0,1291.0
1446038019496298894,446,1446038019494992971,robocape,1490.0,1300.0
1446038019530140185,447,1446038019528810977,robocape,1494.0,1330.0
1446038019562281560,448,1446038019560802936,robocape,1482.0,1358.0
1446038019595104019,449,1446038019593777894,robocape,1486.0,1360.0
1446038019628550519,450,1446038019627190113,robocape,1485.0,1360.0
1446038019661378310,451,1446038019660070896,robocape,1493.0,1360.0
1446038019694690810,452,1446038019693240880,robocape,1492.0,1360.0
1446038019728752685,453,1446038019726551055,robocape,1493.0,1360.0
1446038019760056769,454,1446038019758138895,robocape,1489.0,1720.0
1446038019793610810,455,1446038019791367053,robocape,1492.0,1309.0
1446038019826573519,456,1446038019824547052,robocape,1484.0,1266.0
1446038019860016977,457,1446038019858011960,robocape,1485.0,1261.0
1446038019893815519,458,1446038019891108989,robocape,1484.0,1259.0
1446038019926862102,459,1446038019924649953,robocape,1486.0,1261.0
1446038019959185686,460,1446038019957854986,robocape,1490.0,1253.0
1446038020000851352,461,1446038019994714021,robocape,1493.0,1261.0
1446038020026924061,462,1446038020025573968,robocape,1490.0,1259.0
1446038020059211686,463,1446038020057832956,robocape,1486.0,1261.0
1446038020092566144,464,1446038020091182947,robocape,1485.0,1266.0
1446038020125736727,465,1446038020124510049,robocape,1488.0,1261.0
1446038020159837019,466,1446038020158520936,robocape,1484.0,1264.0
1446038020192353727,467,1446038020191032886,robocape,1493.0,1254.0
1446038020225258811,468,1446038020223994970,robocape,1490.0,1259.0
1446038020257966144,469,1446038020251178026,robocape,1494.0,1261.0
1446038020290922519,470,1446038020284099102,robocape,1490.0,1261.0
1446038020324274602,471,1446038020317215919,robocape,1486.0,1261.0
1446038020354266186,472,1446038020349910020,robocape,1485.0,1261.0
1446038020384732394,473,1446038020382889032,robocape,1486.0,1261.0
1446038020417420186,474,1446038020415569067,robocape,1492.0,1261.0
1446038020450419477,475,1446038020448364973,robocape,1493.0,1274.0
1446038020483144227,476,1446038020481245040,robocape,1492.0,1317.0
1446038020516027852,477,1446038020514348983,robocape,1488.0,1360.0
1446038020549168394,478,1446038020547455072,robocape,1486.0,1360.0
1446038020581902852,479,1446038020580108880,robocape,1488.0,1360.0
1446038020615068852,480,1446038020613081932,robocape,1490.0,1720.0
1446038020647480394,481,1446038020645833015,robocape,1494.0,1720.0
1446038020680569478,482,1446038020678847074,robocape,1490.0,1360.0
1446038020713544769,483,1446038020711616992,robocape,1493.0,1720.0
1446038020746791936,484,1446038020744477033,robocape,1484.0,1360.0
1446038020779243228,485,1446038020777553081,robocape,1488.0,1360.0
1446038020812114561,486,1446038020810177087,robocape,1485.0,1360.0
1446038020844911478,487,1446038020843132019,robocape,1493.0,1360.0
1446038020878903394,488,1446038020877077102,robocape,1492.0,1360.0
1446038020910687519,489,1446038020908986091,robocape,1493.0,1720.0
1446038020943045228,490,1446038020941013097,robocape,1492.0,1356.0
1446038020975591853,491,1446038020973803043,robocape,1493.0,1274.0
1446038021008296144,492,1446038021006753921,robocape,1490.0,1263.0
1446038021041135644,493,1446038021039495944,robocape,1486.0,1258.0
1446038021073744311,494,1446038021072408914,robocape,1485.0,1258.0
1446038021106547436,495,1446038021105293035,robocape,1486.0,1258.0
1446038021139471436,496,1446038021138186931,robocape,1490.0,1257.0
1446038021172612519,497,1446038021171097993,robocape,1493.0,1253.0
1446038021205421728,498,1446038021203999042,robocape,1490.0,1263.0
1446038021238110978,499,1446038021236797094,robocape,1493.0,1259.0
1446038021270977061,500,1446038021269607067,robocape,1485.0,1263.0
1446038021303711644,501,1446038021302474021,robocape,1488.0,1259.0
1446038021336792395,502,1446038021335464954,robocape,1485.0,1264.0
1446038021369663228,503,1446038021368161916,robocape,1493.0,1259.0
1446038021402325686,504,1446038021401010036,robocape,1489.0,1258.0
1446038021435251353,505,1446038021433912038,robocape,1493.0,1261.0
1446038021468290228,506,1446038021466939926,robocape,1490.0,1266.0
1446038021501097770,507,1446038021499711990,robocape,1486.0,1261.0
1446038021533767520,508,1446038021532476902,robocape,1484.0,1270.0
1446038021566687061,509,1446038021565315961,robocape,1486.0,1268.0
1446038021599783353,510,1446038021598373889,robocape,1492.0,1282.0
1446038021632473270,511,1446038021631164073,robocape,1506.0,1278.0
1446038021665463103,512,1446038021663995981,robocape,1502.0,1284.0
1446038021698191645,513,1446038021696888923,robocape,1507.0,1285.0
1446038021731016561,514,1446038021729718923,robocape,1505.0,1292.0
1446038021763914770,515,1446038021762598991,robocape,1522.0,1287.0
1446038021797503811,516,1446038021795943975,robocape,1531.0,1291.0
1446038021829795395,517,1446038021828478097,robocape,1553.0,1288.0
1446038021862693353,518,1446038021861350059,robocape,1597.0,1285.0
1446038021896180561,519,1446038021894825935,robocape,1629.0,1282.0
1446038021928401478,520,1446038021927145004,robocape,1652.0,1303.0
1446038021962076311,521,1446038021960789918,robocape,1681.0,1341.0
1446038022001005853,522,1446038021996423006,robocape,1692.0,1360.0
1446038022028035603,523,1446038022026002883,robocape,1692.0,1360.0
1446038022060906687,524,1446038022059459924,robocape,1696.0,1720.0
1446038022093714853,525,1446038022091865062,robocape,1700.0,1360.0
1446038022126756520,526,1446038022124663114,robocape,1690.0,1720.0
1446038022160314853,527,1446038022158247947,robocape,1692.0,1360.0
1446038022193918145,528,1446038022190587043,robocape,1691.0,1360.0
1446038022226485978,529,1446038022224850893,robocape,1688.0,1360.0
1446038022260073478,530,1446038022258049011,robocape,1690.0,1720.0
1446038022294095270,531,1446038022291260957,robocape,1696.0,1360.0
1446038022327491853,532,1446038022325373888,robocape,1694.0,1360.0
1446038022362005228,533,1446038022359922885,robocape,1688.0,1720.0
1446038022392730395,534,1446038022391386032,robocape,1687.0,1360.0
1446038022426040270,535,1446038022424628019,robocape,1688.0,1360.0
1446038022459719145,536,1446038022458445072,robocape,1688.0,1360.0
1446038022492912062,537,1446038022491656064,robocape,1688.0,1720.0
1446038022526686020,538,1446038022524391889,robocape,1691.0,1360.0
1446038022559057312,539,1446038022557718992,robocape,1692.0,1720.0
1446038022592155478,540,1446038022584877014,robocape,1690.0,1360.0
1446038022624828145,541,1446038022617899894,robocape,1683.0,1720.0
1446038022657755687,542,1446038022650712013,robocape,1682.0,1720.0
1446038022691504437,543,1446038022683640003,robocape,1682.0,1360.0
1446038022718335562,544,1446038022716516971,robocape,1682.0,1720.0
1446038022751160062,545,1446038022749507904,robocape,1688.0,1360.0
1446038022784339854,546,1446038022782304048,robocape,1688.0,1720.0
1446038022816780270,547,1446038022814958095,robocape,1690.0,1360.0
1446038022849564312,548,1446038022847873926,robocape,1683.0,1360.0
1446038022882392395,549,1446038022880696058,robocape,1686.0,1360.0
1446038022915766520,550,1446038022913774013,robocape,1683.0,1360.0
1446038022948404520,551,1446038022946413040,robocape,1683.0,1720.0
1446038022981008937,552,1446038022979311943,robocape,1679.0,1720.0
1446038023014987770,553,1446038023013282060,robocape,1690.0,1360.0
1446038023047137312,554,1446038023045201063,robocape,1688.0,1360.0
1446038023079704645,555,1446038023078000068,robocape,1682.0,1360.0
1446038023112467270,556,1446038023110810041,robocape,1682.0,1360.0
1446038023145560187,557,1446038023143908977,robocape,1683.0,1720.0
1446038023178358270,558,1446038023176624059,robocape,1682.0,1360.0
1446038023211600479,559,1446038023209877967,robocape,1683.0,1360.0
1446038023244597062,560,1446038023242759943,robocape,1686.0,1720.0
1446038023293726395,561,1446038023291915893,robocape,1688.0,1720.0
1446038023325753395,562,1446038023324399948,robocape,1682.0,1720.0
1446038023361341104,563,1446038023359997987,robocape,1682.0,1720.0
1446038023394142354,564,1446038023391560077,robocape,1682.0,1360.0
1446038023427147312,565,1446038023424879074,robocape,1682.0,1360.0
1446038023459714229,566,1446038023457703113,robocape,1681.0,1720.0
1446038023492821062,567,1446038023491571903,robocape,1690.0,1360.0
1446038023526448312,568,1446038023524451971,robocape,1687.0,1720.0
1446038023560821521,569,1446038023556864976,robocape,1688.0,1720.0
1446038023592779604,570,1446038023591541051,robocape,1682.0,1720.0
1446038023625872021,571,1446038023624604940,robocape,1681.0,1360.0
1446038023659259896,572,1446038023658032894,robocape,1681.0,1360.0
1446038023693720104,573,1446038023691392898,robocape,1679.0,1720.0
1446038023725844271,574,1446038023724620103,robocape,1683.0,1720.0
1446038023758610937,575,1446038023757364988,robocape,1684.0,1720.0
1446038023791349854,576,1446038023784421920,robocape,1683.0,1360.0
1446038023819004229,577,1446038023817224979,robocape,1678.0,1360.0
1446038023851883229,578,1446038023850193977,robocape,1677.0,1720.0
1446038023887460187,579,1446038023883111953,robocape,1677.0,1360.0
1446038023917765604,580,1446038023916091918,robocape,1678.0,1720.0
1446038023951016937,581,1446038023949273109,robocape,1684.0,1720.0
1446038023983438104,582,1446038023981661081,robocape,1682.0,1720.0
1446038024016767854,583,1446038024014612913,robocape,1677.0,1720.0
1446038024064969854,584,1446038024063540935,robocape,1678.0,1360.0
1446038024115225562,585,1446038024113506078,robocape,1675.0,1720.0
