%time,field.layout.dim0.label,field.layout.dim0.size,field.layout.dim0.stride,field.layout.data_offset,field.data0,field.data1
1446034073521690532,REMOTEmsg,2,2,0,1513.0,1502.0
1446034073540369240,REMOTEmsg,2,2,0,1518.0,1497.0
1446034073540553782,REMOTEmsg,2,2,0,1519.0,1498.0
1446034073540761699,REMOTEmsg,2,2,0,1511.0,1503.0
1446034073544855490,REMOTEmsg,2,2,0,1518.0,1497.0
1446034073610995657,REMOTEmsg,2,2,0,1511.0,1503.0
1446034073687101365,REMOTEmsg,2,2,0,1511.0,1503.0
1446034073741966907,REMOTEmsg,2,2,0,1518.0,1498.0
1446034073804927324,REMOTEmsg,2,2,0,1518.0,1497.0
1446034073881109949,REMOTEmsg,2,2,0,1513.0,1502.0
1446034073940528324,REMOTEmsg,2,2,0,1513.0,1505.0
1446034074000697824,REMOTEmsg,2,2,0,1516.0,1535.0
1446034074071207866,REMOTEmsg,2,2,0,1519.0,1585.0
1446034074138813824,REMOTEmsg,2,2,0,1513.0,1616.0
1446034074197760782,REMOTEmsg,2,2,0,1518.0,1618.0
1446034074268080741,REMOTEmsg,2,2,0,1516.0,1586.0
1446034074337537616,REMOTEmsg,2,2,0,1518.0,1497.0
1446034074396115366,REMOTEmsg,2,2,0,1513.0,1453.0
1446034074461117657,REMOTEmsg,2,2,0,1513.0,1368.0
1446034074546013116,REMOTEmsg,2,2,0,1518.0,1329.0
1446034074595869907,REMOTEmsg,2,2,0,1519.0,1453.0
1446034074658193033,REMOTEmsg,2,2,0,1510.0,1551.0
1446034074732804991,REMOTEmsg,2,2,0,1519.0,1662.0
1446034074792596241,REMOTEmsg,2,2,0,1513.0,1694.0
1446034074855331699,REMOTEmsg,2,2,0,1513.0,1696.0
1446034074930162241,REMOTEmsg,2,2,0,1513.0,1499.0
1446034074992049741,REMOTEmsg,2,2,0,1518.0,1360.0
1446034075052439491,REMOTEmsg,2,2,0,1518.0,1334.0
1446034075122896449,REMOTEmsg,2,2,0,1513.0,1523.0
1446034075190387033,REMOTEmsg,2,2,0,1513.0,1589.0
1446034075249210199,REMOTEmsg,2,2,0,1516.0,1587.0
1446034075318670283,REMOTEmsg,2,2,0,1518.0,1495.0
1446034075389512116,REMOTEmsg,2,2,0,1513.0,1502.0
1446034075446965783,REMOTEmsg,2,2,0,1513.0,1502.0
1446034075513890866,REMOTEmsg,2,2,0,1518.0,1497.0
1446034075587778116,REMOTEmsg,2,2,0,1511.0,1502.0
1446034075644182950,REMOTEmsg,2,2,0,1513.0,1502.0
1446034075709722075,REMOTEmsg,2,2,0,1519.0,1497.0
1446034075785122325,REMOTEmsg,2,2,0,1518.0,1495.0
1446034075842150866,REMOTEmsg,2,2,0,1513.0,1502.0
1446034075907993783,REMOTEmsg,2,2,0,1513.0,1502.0
1446034075982305116,REMOTEmsg,2,2,0,1518.0,1497.0
1446034076042014700,REMOTEmsg,2,2,0,1519.0,1497.0
1446034076103866200,REMOTEmsg,2,2,0,1506.0,1502.0
1446034076175327575,REMOTEmsg,2,2,0,1481.0,1502.0
1446034076240689950,REMOTEmsg,2,2,0,1341.0,1497.0
1446034076301337617,REMOTEmsg,2,2,0,1247.0,1495.0
1446034076369977283,REMOTEmsg,2,2,0,1179.0,1503.0
1446034076439955950,REMOTEmsg,2,2,0,1131.0,1503.0
1446034076498340783,REMOTEmsg,2,2,0,1100.0,1495.0
1446034076568640825,REMOTEmsg,2,2,0,1102.0,1502.0
1446034076637584200,REMOTEmsg,2,2,0,1098.0,1503.0
1446034076695935700,REMOTEmsg,2,2,0,1102.0,1495.0
1446034076760821034,REMOTEmsg,2,2,0,1099.0,1495.0
1446034076836056159,REMOTEmsg,2,2,0,1099.0,1503.0
1446034076894305534,REMOTEmsg,2,2,0,1100.0,1503.0
1446034076958945117,REMOTEmsg,2,2,0,1099.0,1497.0
1446034077033098450,REMOTEmsg,2,2,0,1100.0,1497.0
1446034077092313784,REMOTEmsg,2,2,0,1100.0,1502.0
1446034077155428617,REMOTEmsg,2,2,0,1100.0,1503.0
1446034077224708700,REMOTEmsg,2,2,0,1100.0,1495.0
1446034077291913492,REMOTEmsg,2,2,0,1099.0,1495.0
1446034077352382909,REMOTEmsg,2,2,0,1108.0,1503.0
1446034077423464076,REMOTEmsg,2,2,0,1192.0,1502.0
1446034077491476784,REMOTEmsg,2,2,0,1241.0,1497.0
1446034077551081617,REMOTEmsg,2,2,0,1372.0,1505.0
1446034077618712992,REMOTEmsg,2,2,0,1478.0,1502.0
1446034077688794617,REMOTEmsg,2,2,0,1515.0,1498.0
1446034077747257367,REMOTEmsg,2,2,0,1515.0,1497.0
1446034077814666534,REMOTEmsg,2,2,0,1513.0,1502.0
1446034077887638867,REMOTEmsg,2,2,0,1511.0,1503.0
1446034077945060742,REMOTEmsg,2,2,0,1518.0,1497.0
1446034078009988076,REMOTEmsg,2,2,0,1518.0,1497.0
1446034078085848492,REMOTEmsg,2,2,0,1513.0,1503.0
1446034078141889993,REMOTEmsg,2,2,0,1513.0,1502.0
1446034078207440159,REMOTEmsg,2,2,0,1519.0,1497.0
1446034078282034076,REMOTEmsg,2,2,0,1513.0,1497.0
1446034078341922409,REMOTEmsg,2,2,0,1490.0,1503.0
1446034078405896784,REMOTEmsg,2,2,0,1468.0,1503.0
1446034078479669659,REMOTEmsg,2,2,0,1404.0,1495.0
1446034078547316326,REMOTEmsg,2,2,0,1329.0,1497.0
1446034078601482368,REMOTEmsg,2,2,0,1254.0,1503.0
1446034078670811826,REMOTEmsg,2,2,0,1250.0,1501.0
1446034078739130743,REMOTEmsg,2,2,0,1250.0,1497.0
1446034078799302660,REMOTEmsg,2,2,0,1237.0,1502.0
1446034078866793951,REMOTEmsg,2,2,0,1222.0,1502.0
1446034078937841826,REMOTEmsg,2,2,0,1199.0,1497.0
1446034078996443285,REMOTEmsg,2,2,0,1159.0,1497.0
1446034079061468743,REMOTEmsg,2,2,0,1141.0,1503.0
1446034079136815201,REMOTEmsg,2,2,0,1132.0,1503.0
1446034079193202910,REMOTEmsg,2,2,0,1136.0,1497.0
1446034079258743618,REMOTEmsg,2,2,0,1127.0,1497.0
1446034079333073535,REMOTEmsg,2,2,0,1112.0,1502.0
1446034079392584410,REMOTEmsg,2,2,0,1095.0,1502.0
1446034079455970368,REMOTEmsg,2,2,0,1102.0,1497.0
1446034079540253285,REMOTEmsg,2,2,0,1100.0,1495.0
1446034079592469493,REMOTEmsg,2,2,0,1102.0,1505.0
1446034079653000368,REMOTEmsg,2,2,0,1100.0,1565.0
1446034079722861577,REMOTEmsg,2,2,0,1099.0,1699.0
1446034079793152493,REMOTEmsg,2,2,0,1102.0,1799.0
1446034079850891660,REMOTEmsg,2,2,0,1100.0,1804.0
1446034079920138160,REMOTEmsg,2,2,0,1102.0,1656.0
1446034079989792618,REMOTEmsg,2,2,0,1102.0,1495.0
1446034080047433785,REMOTEmsg,2,2,0,1100.0,1375.0
1446034080112812827,REMOTEmsg,2,2,0,1100.0,1297.0
1446034080189114535,REMOTEmsg,2,2,0,1102.0,1463.0
1446034080244963827,REMOTEmsg,2,2,0,1100.0,1569.0
1446034080311201202,REMOTEmsg,2,2,0,1098.0,1636.0
1446034080387664952,REMOTEmsg,2,2,0,1100.0,1629.0
1446034080442032160,REMOTEmsg,2,2,0,1100.0,1463.0
1446034080507551785,REMOTEmsg,2,2,0,1099.0,1333.0
1446034080585939785,REMOTEmsg,2,2,0,1100.0,1327.0
1446034080641339869,REMOTEmsg,2,2,0,1099.0,1509.0
1446034080706289619,REMOTEmsg,2,2,0,1100.0,1590.0
1446034080781233244,REMOTEmsg,2,2,0,1100.0,1598.0
1446034080840671077,REMOTEmsg,2,2,0,1100.0,1547.0
1446034080903499536,REMOTEmsg,2,2,0,1102.0,1430.0
1446034080971318536,REMOTEmsg,2,2,0,1102.0,1417.0
1446034081041150077,REMOTEmsg,2,2,0,1102.0,1574.0
1446034081099601369,REMOTEmsg,2,2,0,1099.0,1662.0
1446034081167512619,REMOTEmsg,2,2,0,1102.0,1667.0
1446034081237612369,REMOTEmsg,2,2,0,1099.0,1661.0
1446034081296890494,REMOTEmsg,2,2,0,1099.0,1497.0
1446034081363619994,REMOTEmsg,2,2,0,1093.0,1503.0
1446034081436638536,REMOTEmsg,2,2,0,1102.0,1495.0
1446034081493374452,REMOTEmsg,2,2,0,1100.0,1474.0
1446034081559234119,REMOTEmsg,2,2,0,1100.0,1371.0
1446034081633747703,REMOTEmsg,2,2,0,1102.0,1335.0
1446034081692309994,REMOTEmsg,2,2,0,1099.0,1373.0
1446034081756607786,REMOTEmsg,2,2,0,1100.0,1473.0
1446034081831426036,REMOTEmsg,2,2,0,1100.0,1503.0
1446034081892658994,REMOTEmsg,2,2,0,1100.0,1497.0
1446034081953620244,REMOTEmsg,2,2,0,1102.0,1498.0
1446034082025929828,REMOTEmsg,2,2,0,1100.0,1623.0
1446034082090643578,REMOTEmsg,2,2,0,1100.0,1728.0
1446034082150450994,REMOTEmsg,2,2,0,1102.0,1729.0
1446034082219742036,REMOTEmsg,2,2,0,1103.0,1716.0
1446034082288622120,REMOTEmsg,2,2,0,1099.0,1520.0
1446034082347341536,REMOTEmsg,2,2,0,1095.0,1503.0
1446034082417383370,REMOTEmsg,2,2,0,1099.0,1497.0
1446034082486690370,REMOTEmsg,2,2,0,1100.0,1494.0
1446034082547891495,REMOTEmsg,2,2,0,1100.0,1373.0
1446034082610959578,REMOTEmsg,2,2,0,1102.0,1309.0
1446034082686156370,REMOTEmsg,2,2,0,1100.0,1373.0
1446034082741853453,REMOTEmsg,2,2,0,1099.0,1503.0
1446034082809075495,REMOTEmsg,2,2,0,1100.0,1502.0
1446034082883209786,REMOTEmsg,2,2,0,1100.0,1497.0
1446034082941934078,REMOTEmsg,2,2,0,1100.0,1497.0
1446034083005261287,REMOTEmsg,2,2,0,1099.0,1503.0
1446034083080823412,REMOTEmsg,2,2,0,1102.0,1502.0
1446034083141351620,REMOTEmsg,2,2,0,1102.0,1497.0
1446034083202272620,REMOTEmsg,2,2,0,1102.0,1497.0
1446034083272109537,REMOTEmsg,2,2,0,1102.0,1503.0
1446034083339231537,REMOTEmsg,2,2,0,1100.0,1502.0
1446034083400859828,REMOTEmsg,2,2,0,1100.0,1498.0
1446034083468591787,REMOTEmsg,2,2,0,1100.0,1497.0
1446034083546288245,REMOTEmsg,2,2,0,1100.0,1502.0
1446034083596664745,REMOTEmsg,2,2,0,1095.0,1502.0
1446034083662818370,REMOTEmsg,2,2,0,1100.0,1497.0
1446034083736618704,REMOTEmsg,2,2,0,1115.0,1503.0
1446034083793999412,REMOTEmsg,2,2,0,1144.0,1503.0
1446034083859350329,REMOTEmsg,2,2,0,1152.0,1495.0
1446034083936044662,REMOTEmsg,2,2,0,1165.0,1497.0
1446034083992677912,REMOTEmsg,2,2,0,1236.0,1502.0
1446034084056613954,REMOTEmsg,2,2,0,1296.0,1502.0
1446034084131979079,REMOTEmsg,2,2,0,1327.0,1495.0
1446034084192240745,REMOTEmsg,2,2,0,1393.0,1497.0
1446034084253923370,REMOTEmsg,2,2,0,1422.0,1503.0
1446034084329832287,REMOTEmsg,2,2,0,1505.0,1503.0
1446034084391319329,REMOTEmsg,2,2,0,1518.0,1497.0
1446034084451171579,REMOTEmsg,2,2,0,1515.0,1497.0
1446034084534471746,REMOTEmsg,2,2,0,1511.0,1503.0
1446034084591060246,REMOTEmsg,2,2,0,1510.0,1503.0
1446034084648357662,REMOTEmsg,2,2,0,1518.0,1497.0
1446034084717967954,REMOTEmsg,2,2,0,1516.0,1497.0
1446034084789062079,REMOTEmsg,2,2,0,1511.0,1503.0
1446034084845603746,REMOTEmsg,2,2,0,1519.0,1503.0
1446034084914899912,REMOTEmsg,2,2,0,1518.0,1495.0
1446034084987581496,REMOTEmsg,2,2,0,1513.0,1502.0
1446034085042991579,REMOTEmsg,2,2,0,1513.0,1502.0
1446034085109545746,REMOTEmsg,2,2,0,1519.0,1497.0
1446034085184132288,REMOTEmsg,2,2,0,1519.0,1497.0
1446034085241908288,REMOTEmsg,2,2,0,1511.0,1502.0
1446034085305879579,REMOTEmsg,2,2,0,1513.0,1503.0
1446034085381507538,REMOTEmsg,2,2,0,1519.0,1497.0
1446034085442484038,REMOTEmsg,2,2,0,1518.0,1497.0
1446034085503221163,REMOTEmsg,2,2,0,1513.0,1502.0
1446034085572426329,REMOTEmsg,2,2,0,1513.0,1502.0
1446034085640287871,REMOTEmsg,2,2,0,1519.0,1497.0
1446034085700181038,REMOTEmsg,2,2,0,1519.0,1497.0
1446034085768850121,REMOTEmsg,2,2,0,1513.0,1502.0
1446034085838447038,REMOTEmsg,2,2,0,1518.0,1503.0
1446034085898263996,REMOTEmsg,2,2,0,1519.0,1497.0
1446034085965290538,REMOTEmsg,2,2,0,1513.0,1503.0
1446034086037750330,REMOTEmsg,2,2,0,1513.0,1503.0
1446034086096914746,REMOTEmsg,2,2,0,1519.0,1497.0
1446034086160382830,REMOTEmsg,2,2,0,1519.0,1495.0
1446034086235576830,REMOTEmsg,2,2,0,1513.0,1502.0
1446034086294059621,REMOTEmsg,2,2,0,1513.0,1503.0
1446034086357483913,REMOTEmsg,2,2,0,1520.0,1495.0
1446034086434157996,REMOTEmsg,2,2,0,1519.0,1497.0
1446034086494134038,REMOTEmsg,2,2,0,1513.0,1502.0
1446034086554362913,REMOTEmsg,2,2,0,1514.0,1503.0
1446034086630528788,REMOTEmsg,2,2,0,1518.0,1498.0
1446034086693461455,REMOTEmsg,2,2,0,1516.0,1497.0
1446034086751491372,REMOTEmsg,2,2,0,1513.0,1503.0
1446034086821944455,REMOTEmsg,2,2,0,1519.0,1502.0
1446034086890249663,REMOTEmsg,2,2,0,1519.0,1497.0
1446034086949322997,REMOTEmsg,2,2,0,1511.0,1503.0
1446034087018058622,REMOTEmsg,2,2,0,1440.0,1503.0
1446034087088022830,REMOTEmsg,2,2,0,1339.0,1497.0
1446034087145726538,REMOTEmsg,2,2,0,1215.0,1498.0
1446034087211409914,REMOTEmsg,2,2,0,1169.0,1502.0
1446034087286244997,REMOTEmsg,2,2,0,1146.0,1502.0
1446034087342784914,REMOTEmsg,2,2,0,1103.0,1497.0
1446034087409947872,REMOTEmsg,2,2,0,1103.0,1495.0
1446034087483451705,REMOTEmsg,2,2,0,1100.0,1503.0
1446034087548477747,REMOTEmsg,2,2,0,1138.0,1503.0
1446034087606293080,REMOTEmsg,2,2,0,1166.0,1497.0
1446034087680368330,REMOTEmsg,2,2,0,1207.0,1497.0
1446034087742426122,REMOTEmsg,2,2,0,1329.0,1502.0
1446034087804088414,REMOTEmsg,2,2,0,1356.0,1503.0
1446034087873127914,REMOTEmsg,2,2,0,1452.0,1497.0
1446034087941776039,REMOTEmsg,2,2,0,1473.0,1501.0
1446034088001489039,REMOTEmsg,2,2,0,1474.0,1503.0
1446034088069193372,REMOTEmsg,2,2,0,1485.0,1497.0
1446034088139277914,REMOTEmsg,2,2,0,1489.0,1497.0
1446034088199381414,REMOTEmsg,2,2,0,1488.0,1503.0
1446034088265709706,REMOTEmsg,2,2,0,1494.0,1503.0
1446034088338120789,REMOTEmsg,2,2,0,1502.0,1497.0
1446034088395827622,REMOTEmsg,2,2,0,1503.0,1495.0
1446034088460607539,REMOTEmsg,2,2,0,1502.0,1502.0
1446034088545609497,REMOTEmsg,2,2,0,1502.0,1503.0
1446034088595635248,REMOTEmsg,2,2,0,1515.0,1497.0
1446034088657629039,REMOTEmsg,2,2,0,1522.0,1495.0
1446034088732968414,REMOTEmsg,2,2,0,1515.0,1503.0
1446034088792002956,REMOTEmsg,2,2,0,1515.0,1502.0
1446034088855126914,REMOTEmsg,2,2,0,1522.0,1497.0
1446034088931526373,REMOTEmsg,2,2,0,1516.0,1503.0
1446034089034311956,REMOTEmsg,2,2,0,1516.0,1503.0
1446034089082150331,REMOTEmsg,2,2,0,1522.0,1497.0
1446034089141084373,REMOTEmsg,2,2,0,1522.0,1495.0
1446034089200915373,REMOTEmsg,2,2,0,1516.0,1502.0
1446034089269137581,REMOTEmsg,2,2,0,1516.0,1502.0
1446034089338883915,REMOTEmsg,2,2,0,1523.0,1497.0
1446034089397261456,REMOTEmsg,2,2,0,1520.0,1497.0
1446034089464636540,REMOTEmsg,2,2,0,1516.0,1503.0
1446034089546921873,REMOTEmsg,2,2,0,1515.0,1503.0
1446034089594953165,REMOTEmsg,2,2,0,1523.0,1497.0
1446034089660261623,REMOTEmsg,2,2,0,1520.0,1497.0
1446034089735634415,REMOTEmsg,2,2,0,1516.0,1501.0
1446034089795162831,REMOTEmsg,2,2,0,1523.0,1503.0
1446034089857647248,REMOTEmsg,2,2,0,1522.0,1497.0
1446034089933977790,REMOTEmsg,2,2,0,1515.0,1502.0
1446034089991505873,REMOTEmsg,2,2,0,1516.0,1502.0
1446034090054929332,REMOTEmsg,2,2,0,1523.0,1497.0
1446034090129661748,REMOTEmsg,2,2,0,1523.0,1497.0
1446034090191284665,REMOTEmsg,2,2,0,1516.0,1502.0
1446034090251867415,REMOTEmsg,2,2,0,1515.0,1503.0
1446034090322053832,REMOTEmsg,2,2,0,1523.0,1497.0
1446034090389131082,REMOTEmsg,2,2,0,1520.0,1497.0
1446034090450109082,REMOTEmsg,2,2,0,1516.0,1502.0
1446034090530669998,REMOTEmsg,2,2,0,1516.0,1502.0
1446034090587471540,REMOTEmsg,2,2,0,1522.0,1497.0
1446034090647210957,REMOTEmsg,2,2,0,1523.0,1495.0
1446034090713838457,REMOTEmsg,2,2,0,1514.0,1503.0
1446034090786362207,REMOTEmsg,2,2,0,1523.0,1503.0
1446034090844175124,REMOTEmsg,2,2,0,1520.0,1497.0
1446034090910333499,REMOTEmsg,2,2,0,1515.0,1502.0
